2968
2645
3008
2103
2686
2490
2030
2199
2748
2193
2459
2317
2118
2379
2502
2415
2041
2974
2889
2858
2673
2097
2949
2568
2983
2578
2416
2653
2230
2950
2268
2606
2504
2192
2674
2151
2634
2468
2783
2069
2242
2331
2814
2368
2913
2837
2098
2495
2190
2552
2695
2985
2871
2704
2375
2636
2392
2993
2815
2599
2460
2623
2202
2883
2943
2294
2926
2923
2288
2973
2053
2261
2108
2561
2302
2914
2122
2171
2978
2551
2206
2452
2473
2921
2370
2493
2927
2433
2349
2810
2705
2182
2196
2158
2930
2618
2401
2339
2271
2513
2424
2844
2248
2616
2789
2970
2942
2256
2309
2881
2767
2928
2377
2912
2087
2489
2337
2562
2376
2528
2566
2197
2472
2239
2273
2666
2011
2635
2701
2218
2079
2159
2313
2043
2873
2747
2485
2378
2727
2032
2839
2609
2892
2086
2588
2887
2466
2859
2827
2929
2729
2525
2417
2039
2195
2910
2994
2340
2813
2860
2073
2264
2872
2956
2797
2191
2219
2035
2117
2346
2374
2315
2831
2013
2210
2063
2544
2565
2885
2292
2397
2111
2679
2850
2963
2948
2991
2564
2297
2228
2057
2699
2824
2664
2774
2420
2769
2189
2074
2266
2744
2088
2648
2284
2521
2882
2706
2470
2612
2888
2532
2304
2483
2511
2650
2365
2425
2384
2657
2105
2332
2979
2557
2959
2300
2777
2639
2746
2498
2703
2056
2124
2726
2447
2960
2144
2826
2380
2220
2972
2698
2154
2233
2598
2677
2694
2638
2737
2040
2224
2900
2523
2833
2509
2121
2951
2128
2605
2072
2127
2293
2361
2077
2556
2362
2802
2586
2649
2713
2539
2925
2301
2327
2724
2682
2410
2453
2139
2838
2326
2175
2234
2999
2113
2413
2395
2185
2517
2558
2140
2083
2761
2692
2360
2363
2781
2066
2214
2758
2832
2157
2049
2048
2545
2172
2021
2593
2351
2031
2585
2240
2725
2651
3004
2435
2553
2148
2138
2560
2156
2082
2096
2258
2879
2863
2444
2663
2660
2352
2322
2454
2573
2207
2423
2977
2538
2676
2150
2227
2070
2143
2442
2320
2876
2051
2964
2906
2604
2765
2244
2476
2780
2299
2750
2849
2480
2897
2400
2778
2394
2427
2345
2992
2407
2295
2938
3002
2690
2953
2061
2391
2246
2357
2307
2462
2531
2174
2550
2412
2054
2840
2064
2581
2590
2514
2720
2541
2764
2458
2010
2409
2283
2012
2188
2940
2825
2854
2939
2775
2286
2065
2583
2760
2689
2836
2333
2168
2709
2721
2136
2456
2348
2418
2931
2681
2457
2236
2279
2402
2104
2342
2707
2081
2325
2633
2469
2990
2274
2426
2980
2680
2133
2251
2641
2772
2893
2071
2776
2895
2094
2027
2318
2935
2321
2582
2238
2200
2617
2474
2734
2894
2622
2047
2611
2443
2324
2806
2204
2847
2186
2170
2805
2853
2487
2263
2055
2533
2162
2898
2455
2440
2822
2126
2691
2209
2257
2247
2656
2621
2275
2542
2037
2250
2373
2820
2526
2022
2763
2861
2119
2591
2603
2353
2878
2164
2147
2537
2216
2503
2178
2329
2842
2062
2328
2555
2116
2341
2697
2624
2753
2169
2958
2303
2610
2862
2267
2654
2896
2843
2135
2865
2571
2807
2864
2793
2945
2046
2877
2161
2884
2652
2708
2149
2100
2924
2524
2296
2933
2221
2461
2762
2548
2597
2918
2527
2628
2719
2067
2600
2643
2799
2382
2155
2520
2505
2570
2941
2146
2235
2265
2627
2816
2855
2794
2962
2364
2482
2678
2717
2255
2908
2683
2217
2269
2335
2312
2225
2530
2023
2439
2153
2449
2932
2668
3001
2432
2194
2740
2540
2369
2281
2414
2181
2338
2915
2563
2518
2176
2735
2579
2658
2731
2519
2868
2429
2405
2106
2131
2132
2024
2790
2535
2090
2497
2733
2018
2308
2092
2254
2109
2905
2112
2870
2203
2543
2829
2632
2874
2319
2771
2608
2137
2547
2987
2028
2232
2029
2215
2371
2700
2728
2798
2491
2095
2187
2311
2354
2954
2903
2110
2712
2795
2167
2241
2260
2486
2856
2367
2902
2501
2613
2434
2688
2811
2177
2576
2068
2891
2534
2406
2448
2572
2372
2661
2886
2911
2620
2944
2025
2488
2716
2130
2437
2741
2637
2165
2280
2796
2665
2875
2044
2020
2549
2845
2282
2743
2298
2710
2919
2711
2115
2966
2867
2909
2629
2085
2644
2166
2667
2276
2099
2310
2800
2465
2630
2852
2508
2625
2033
2102
2237
2231
2205
2693
2060
2732
2229
2955
2026
2445
2278
2554
2344
2226
2475
2669
2640
2198
2718
2389
2752
2262
2330
2835
2492
2587
2212
2851
2306
2386
2272
2773
2289
2243
2089
2016
2916
2522
2730
2801
2422
2696
2052
2512
3005
2841
2971
2496
2208
2749
2714
2756
2084
2451
2411
2567
2596
2396
2787
2848
2823
2045
2659
2784
2059
2934
2830
2976
2270
2755
2223
2387
2179
2672
2463
2141
2291
2907
2880
2584