4883
5206
5182
5460
5005
5094
4719
5388
5208
4818
5586
4940
5315
5514
4680
5195
5218
4921
5569
4666
5170
4676
4959
5125
5281
4881
5132
5307
4675
5305
4965
5365
5510
4945
5252
5398
4961
5373
4654
4825
4880
4828
4701
5084
4902
5380
4889
5345
5483
5026
4970
5126
5341
5449
5209
4638
4937
4652
5198
5611
4683
5157
4820
4651
4664
4754
4663
5146
5004
5058
5391
4926
5507
5060
5168
5113
5010
4708
5317
4973
4790
5080
5022
5223
5276
5225
5615
4732
4773
5078
5571
4757
5461
4653
4740
5322
4784
5020
5523
5372
5356
5133
4984
5474
4769
5318
5400
4957
5566
5567
4897
5423
4848
5272
5368
4723
4698
4724
4621
5588
4922
5518
5430
4852
5406
4931
5106
5399
5509
4755
5063
5443
5207
4985
4672
4834
5147
4952
5604
5339
5403
4627
4868
5359
4869
5176
5271
5325
5583
4667
5180
4949
4748
4844
5433
4715
5467
5220
4697
5054
5250
5591
5021
5387
4954
4815
5134
4843
4974
5162
5011
5457
5401
5568
4866
5527
5404
5402
5340
4725
5456
4928
5502
5097
4929
5439
5321
4742
5577
5596
4836
4939
5446
5362
5602
5219
5328
5334
5358
5280
5007
5393
4752
5480
5442
4905
5284
4858
5088
4731
5102
4750
5216
5229
4923
4993
5070
4840
5526
5274
5291
4759
4636
4988
5453
5221
5503
4964
5344
5553
4695
4747
5521
5538
5087
4925
5277
4819
5614
5444
5055
4976
5421
4981
5076
5062
5498
5558
4906
5261
5254
5338
4827
4781
4872
5136
4660
5455
4771
5108
4622
4899
4932
5030
4811
5181
5475
4677
5357
4734
4975
4892
5313
4783
5576
4647
5309
5326
5260
4951
5463
5389
5493
5548
4714
5262
4795
4791
5287
4838
5304
5166
5308
4950
4979
4908
5041
4817
5366
4924
4716
4997
4934
4891
4644
4876
4813
5410
5255
4702
4649
5141
5096
5417
4751
5215
5003
4730
5236
5350
5163
5224
4711
5244
5189
5093
5314
5513
5436
5347
5540
4779
4696
4920
4864
5298
5504
5556
4686
4946
4625
5431
5161
5192
4761
5068
4962
4745
4673
5036
4635
5025
5355
4884
5497
5490
5103
5006
5303
4749
5282
4938
4712
5500
5226
5171
4720
5050
5335
5311
5128
5440
5489
5197
5607
4685
5386
5557
5237
5491
5222
4713
4780
5572
5240
5531
4690
5581
5561
5085
5246
5079
5081
5031
5333
5610
5119
4856
4808
4972
5140
4888
5565
4804
5420
5091
4917
5072
4623
4670
5033
5245
5247
5371
4678
5069
4709
5477
5595
4722
4643
5066
5301
5547
4983
5468
5191
5470
4787
5354
4782
4893
5427
5187
4628
5121
4823
4998
5253
5426
4860
4796
4982
5293
5454
4645
5367
5323
4911
5376
4646
5014
5241
4947
5587
4977
5264
4849
4691
5394
5487
5067
5529
4648
4914
5156
4758
5319
5110
5074
5618
5034
4953
5559
5008
4894
5028
5331
5249
5469
5199
4774
5039
5269
4847
5462
5292
5127
5499
5123
4941
5259
5471
4810
4898
4727
5151
5027
5234
5520
5047
5543
5408
5535
4662
4850
5575
5405
5015
4806
5065
4704
4895
5204
4765
4882
4764
5330
4989
4772
4798
4829
4700
5532
5083
4794
5016
5037
5071
4669
5297
4799
5555
4927
5286
5129
4960
4681
5451
5024
4710
5472
4837
5044
5001
5154
5598
5306
4885
4721
4800
4770
4778
5248
5194
5285
5383
5012
5173
4863
5385
5172
5573
4874
5086
5377
4726
5064
4909
5486
5379
4978
5320
4693
5040
5184
4699
4797
4661
5392
4986
5077
4870
5434
4967
5415
4624
4862
4671
4992
5053
5519
5142
4728
5032
5605
5231
4630
5544
4841
5609
5395
5481
5378
4706
5381
4822
5592
4688
5056
5478
4707
5447
4904
5114
5212
5494
5210
5158
5203
5369
5105
5508
5533
4629
5563
5152
4631
5608
4918
4830
4831
5397
4687
4890
4786
5150
5396
5324
4793
5407
5616
4861
4659
5363
5143
5516
4901
5211
5101
5517
5336
4907
4996
5117
5441
5018
5351
5432
5013
5445
5549
5273
4878
5528
5268
4741
4743
5484
5100
5482
5411
4879
4633
5582
5501
4839
5422
5593
5412
5370
4867
4854
4824
4756
4875
4735
5239
4788
5613
4801
5048
4679
4855
4903
5524
4851
5512
5177
4626
5275
5312
5458
5167
5495
4689
5349
5409
5364
5428
5155
5579
4913
5473
4694
5541
4853
5352
5329
4641
4958
4999
5600
5193
5419
4933
5360
5348
5384
5179
5289
4767
5160
5585
4842
5574
5090
4692
5238
5353
5183
4857
5256
5122
4776
5545
4845
5202
5029
5178
5534
5279
5530
4948
4739
5042
5038
5603
5073
5343
4919
5043
4736
5584
5570
5594
5560
4944
5196
5009
5107
4887
5479
4942
5243
4729
4805
4674
4966
5120
4766
5257
4873
4642
4980
4657
5337
5418
5452
4640
5522
5175
5316
5476
5098
5082
5017
5283
5188
4935