7618
7166
7338
6710
6918
6872
7549
6708
7526
7496
6962
6722
7030
6831
7054
7169
7537
6680
7403
6854
7580
6707
7131
7240
6647
7473
6781
7018
7005
7179
6948
6631
6945
6814
7548
6906
6789
6849
7228
6630
7544
7182
7089
7593
6901
7519
7209
6946
6694
6975
7006
6929
6764
7577
7234
7540
7372
7223
6667
7406
7013
7545
7399
6836
7385
6752
7181
7055
6940
7525
7285
6912
6750
6809
6715
7063
7380
7016
7296
7575
6839
6769
6887
7278
7566
6785
7560
7555
7139
7149
7151
7009
7595
7434
7115
7512
7444
7277
6702
7080
6626
7264
6725
7313
6807
6705
7423
6657
7140
7096
7041
7442
6642
6822
7049
7164
6988
7416
7460
7002
7060
6656
7534
6783
6858
7253
6686
7558
7364
7159
7165
6623
6874
6894
6895
7490
6998
7022
7389
7171
7420
6880
7000
6954
7584
7378
7565
7141
7594
6801
6889
7583
6925
7075
7192
7094
7472
7571
7554
6675
7052
7557
6959
7484
7189
6746
6840
7331
6786
7320
7450
6674
7564
7438
7104
7222
7576
7248
6919
7383
7454
7023
7008
7242
7388
7297
7374
7376
7321
7130
6751
6855
6637
7482
7314
6629
7392
7447
7037
6761
7341
7064
6767
7300
6907
7229
7322
7608
6756
7252
7068
7152
6672
7440
7143
7448
7184
7586
7245
7382
7258
7334
7605
7033
7587
6677
7340
7373
7251
6920
7345
7069
6956
6961
7606
6923
7316
7568
6784
6879
6792
7362
7498
7475
7602
6999
7398
7351
6621
7099
7073
7206
6670
6649
6697
7038
7582
6669
6984
7550
6947
7611
7226
7101
7190
6644
6817
7148
6780
6791
7533
7523
7214
6886
6997
6934
7197
6663
6927
7394
7379
7238
6970
7262
7424
7531
7574
7307
6728
7599
7306
6848
7530
7445
7524
6696
6768
7012
7116
7488
6917
7284
6990
7335
7511
6760
6788
7260
7195
7186
7088
6671
7356
6795
7328
7109
7020
6724
6896
7384
7413
7051
7261
7417
7302
6805
7044
6719
7425
7286
6964
6881
7401
6971
7201
6700
6816
7478
7281
7381
6654
7477
7273
7085
7332
7563
7053
7358
6898
7431
7318
7553
7043
6741
7173
7021
7603
6841
7405
7117
7435
7288
7520
7369
7025
7129
7344
6777
7452
7289
7354
6963
6864
6910
7122
7196
7324
6737
7441
7230
7368
7154
7592
6802
7299
7199
7091
7072
6994
7105
6936
6776
7110
7221
7084
6845
6885
7330
6957
7271
7003
7059
7591
7174
7070
6749
7127
7370
6723
7503
7254
7237
7239
6799
6892
7153
7458
7210
7045
6773
6883
6861
7397
7207
6676
7243
7133
6882
7521
6827
7508
7486
6829
7180
6902
7156
7275
6905
6899
6943
7280
6653
7619
7086
6835
7031
7504
7443
6949
6736
7081
6684
6916
6698
6658
6877
7301
6969
6842
7391
6740
6996
7198
6793
7147
6729
7056
7310
6687
7377
7283
6972
6903
7465
7466
7128
7329
7589
6743
7113
6714
7220
7470
6958
7014
6662
6965
6673
7093
7390
6938
7039
6774
6666
6639
7079
7598
7433
7604
6628
6701
7386
7371
7011
7118
6709
7495
6833
6974
6798
7138
7375
6823
7268
7274
6847
7559
7108
6721
6828
6794
7082
6646
7172
7167
6989
6866
6890
6765
7342
6995
7298
7585
7427
6742
6683
6813
7135
6806
7483
6944
6660
6695
6739
6834
6706
6757
7428
7160
7497
6771
6759
6884
6730
7269
7233
6979
7119
7235
6976
6843
6915
7157
7597
7569
6762
7616
7402
7407
7058
7436
7518
6625
7241
7456
7361
7489
7279
7353
7126
6978
7067
6753
6641
7185
7257
6871
7244
7163
6851
7439
6911
6703
6939
6688
7601
7449
6635
6921
7412
6983
7315
7212
6935
7527
7019
7421
7312
6735
7535
6930
7348
7035
7323
6713
7469
6643
7098
6638
6857
6766
7579
6987
7304
7265
7327
7349
6937
7429
7347
7410
7203
7001
7078
7507
6950
7501
6808
6825
6904
7017
6685
6818
7215
6731
6913
6819
7071
7213
6893
7103
7295
7326
7168
7046
7029
7363
7336
6620
7120
7339
7393
7459
7034
7366
6651
7123
6634
7305
7409
7502
7114
6779
7543
7487
7462
7464
7225
6661
7538
6754
7004
7272
6967
6856
7419
6648
6682
6796
6846
6951
7290
7107
7547
7542
7317
7418
7337
7311
7359
6931
7061
7607
7057
7255
6810
7400
7066
7175
7263
7036
6992
7529
7522
7132
7095
7492
6633
7087
7561
7422
7505
6720
7097
7415
7292
7541
6891
7205
6800
6960
6865
6838
6926
6738
6932
7219
6650
7590
7024
7178
6755
6622
7479
7515
6711
7546
7216
7188
7232
7112
7256
7217
7467
6624
7040
6726
7499
7365
7227
7076
6955
6668
7176
7155
6897
6980
6878
7015
7333
6772
7231
7250
7468
7276
6690
7396
7161
7562
6770
7476
7528
7249
7032
6986
7137
6859
7246
6815
7355
6900
7350
7609
6797
7010
6826
7480
7266
6985
7183