8600
7709
7797
7856
7922
8538
7758
8609
7826
7976
8276
8300
8129
8200
8188
8118
7726
8352
7842
7661
7865
8339
8156
8039
7934
7961
8550
8175
8086
8604
7988
8366
8288
8469
8501
7915
8506
8056
7911
8340
7824
8543
7954
7921
8573
8626
8083
8060
7832
7843
7846
7756
8323
8608
7859
7810
8610
8359
8140
7787
7795
8279
8547
8211
7713
8329
8024
8458
8220
8564
8050
7779
8461
8385
7972
7654
7671
8064
8502
8433
7697
7975
8324
7977
8104
7634
8081
7927
8511
8376
8346
8330
8529
8388
8170
7899
7738
7996
8386
8590
7970
8579
8484
8581
7773
8449
8361
7833
7711
8530
7637
8132
8560
8595
8583
8455
7860
7962
7880
8357
8001
8255
8568
8137
8109
8067
8231
7866
8199
8497
7886
7742
8383
8341
8309
8180
7883
8041
7941
8094
8605
8475
8223
8326
8561
7639
8454
8382
7657
8537
7953
8448
8062
8260
7740
7987
8325
7867
7620
8622
8167
7636
7712
8089
7858
7648
7821
8557
8201
8278
8572
8248
8494
8349
7685
7855
7882
8618
8398
7913
8087
8026
7800
7812
8512
8287
8183
8025
8333
8414
7979
8588
8552
7716
8136
7730
8319
8003
8250
8452
8302
8007
8049
8354
8061
8044
8133
8192
8321
7682
8131
7667
8371
7642
8262
7901
8065
7777
8379
7857
7771
8112
8208
8013
7681
8189
8542
8233
8216
8187
8014
7804
8093
7892
8451
8443
7816
8468
8320
8426
8116
8179
8536
7734
8365
8334
8593
8594
7686
8519
8100
8294
8355
7647
8178
8425
8331
8027
8075
7643
7903
7904
8311
7944
7875
8499
7694
8005
8597
7729
7978
7926
7971
7818
8439
7776
8222
8128
8403
8111
8559
7936
7724
8528
7733
7929
8285
7938
7624
8235
8535
7665
7828
8225
7700
7973
7650
7844
7693
7640
8408
8517
7785
7918
8004
8101
8053
8430
7830
8569
8209
7778
8138
7719
8467
7888
8105
8491
7932
8229
8033
8246
8380
7815
8054
7900
8518
8457
7829
8058
7831
8353
7678
8215
8524
8515
8172
8289
8392
7912
8400
7761
7907
8390
7963
8464
8163
7958
7851
8345
7966
8596
8274
7745
7974
7664
7923
8147
8068
8196
8440
8308
8525
7701
7622
8090
8265
8375
8296
8504
8393
7917
8554
8164
8527
8069
7993
8473
7986
8434
8291
8219
8114
8602
7897
8197
8306
8367
8281
8205
8226
7868
8181
7969
7935
8120
8407
7834
7629
8157
7948
7980
8028
7786
8415
7691
8322
8251
8427
8184
7952
8481
8493
8378
7753
7792
7698
8310
8405
8174
7946
8463
8438
7848
8241
8146
8447
8627
8123
7789
7627
7676
7660
7621
7955
8303
7823
7646
8315
8377
8420
8472
7910
8006
8607
7705
8149
7704
7638
8541
8548
8047
7673
8577
7928
8266
8008
8492
7782
8099
8551
8533
8214
8115
8078
8402
7799
7737
7739
7835
8387
7764
8406
7896
8372
7895
8227
7741
8363
8258
8171
8460
8591
8587
8234
7960
8532
7820
7920
8212
8619
7690
7879
8072
8592
8348
8520
8071
8338
8505
7890
8076
8615
7715
8166
8566
8575
8482
8314
8165
7840
8012
8486
7793
8280
7930
7794
8421
7994
8474
7991
8370
7707
7836
7916
7827
8122
8077
7893
7802
8155
7906
8273
8410
8391
7743
7984
7885
7813
7670
8534
7628
7695
7732
8243
7850
8389
7703
7750
8417
8145
7669
8195
7769
8125
8422
8488
7706
7869
7656
7774
8508
8048
7889
8435
7644
7809
7683
8620
7679
7755
8514
8544
7649
8565
8142
8471
8097
7718
8629
7720
7762
7752
8282
8404
8063
8522
7807
8582
7692
8335
8603
7853
8141
7956
8509
7898
8337
8143
8035
8102
7995
8252
8364
8613
8612
8442
8110
7760
7950
7998
7674
8625
8173
8158
8476
8567
7989
8176
8556
8269
7662
7819
8169
8399
7668
8305
8293
8343
8513
8021
8350
7641
8017
8218
8295
7747
8264
7748
8496
7699
8126
8202
7727
8374
8368
7652
7902
8073
8031
8301
7983
8304
8436
7887
7874
7839
8194
8148
8562
8574
8580
8478
7677
8247
8480
8242
7767
7626
7775
7997
7992
8483
8245
8018
8232
8038
8623
8261
8230
8381
7717
7736
7651
8082
8284
7847
7735
7871
8336
8624
8428
8531
8271
8010
8297
7658
8091
7659
8313
7751
8207
8168
7908
8103
7808
8204
7623
8307
7702
7780
8084
8384
8411
8254
8190
8210
8576
8397
8085
8135
8578
8011
7861
8441
8191
8479
8418
8236
8500
8316
8459
7801
7687
7744
7666
7967
8584
8318
8328
8585
8283
8213
8022
7959
8394
7708
8416
8144
8002
8446
8373
8046
7721
7852
8106
8238
8450
7632
7951
8586
8113
8182
8453
7841
8424
7924
7672
8134
8327
8059
8185
7784
8611
8498
7796
7696
8553
8523
8150
7999
8127
8462
8154
8292
7759
7933
8029
8121
7770
7684
7968
8614
7817
8272
8360
8009
7964
8139
7655
8358
8470
8095
8432
8217
7949
7631
7947
