9454
9441
8957
9211
8736
9246
9162
8976
9536
9272
8782
9174
9599
8715
8982
9351
8809
9100
9621
9285
8632
8661
8637
9150
8980
9438
9394
9557
9531
9332
8889
9138
9505
9056
9163
8794
9372
8873
9215
9591
9047
8850
8777
8945
8767
9524
8913
9049
9098
9507
9141
8774
9260
8947
9222
9334
8750
8869
9418
9105
9386
8858
9435
8973
9026
8981
9324
9171
9519
8854
9227
9576
9509
9569
8880
9122
9067
9329
8862
8644
8904
8683
9071
9188
9305
8673
8723
9123
8693
9446
9455
8810
9532
9263
9368
9032
8877
9506
9012
9006
9167
8651
9028
9271
9374
9085
9072
9124
9136
8804
8952
9336
9502
8861
8921
8678
9384
9169
9427
9160
9444
9015
9402
8974
8692
8799
9350
8703
9186
9139
9562
8895
8765
9088
9243
9512
9204
8967
8856
9254
8931
9570
8779
9236
8743
9556
9016
9237
9182
9550
8694
9451
9262
9578
9517
9414
9396
9420
8768
8975
8887
9566
8741
8879
9490
9514
9164
8657
9600
8828
9210
9548
8834
8917
8790
9513
8930
9089
8639
9043
8670
9126
9510
9592
8669
9626
9367
9335
9333
8839
8990
9231
8943
9073
9410
9565
9577
9619
9511
9309
9111
9587
8745
9176
9434
9588
9175
9325
9165
9567
9148
8758
9013
9267
9258
9326
9432
8928
9020
9564
9355
8798
8927
9430
9538
8762
8918
8920
9452
9603
9360
9018
9051
8748
9161
8905
8954
9399
9173
9302
9612
9010
9220
9075
9425
9391
8884
9375
9545
8813
8739
8643
9081
9470
8711
8911
8993
9342
8826
9112
9500
9607
8802
9390
9421
8902
8865
9101
9443
9493
9041
8853
9065
8808
9627
8801
9140
8698
9181
9235
8811
9087
9611
9346
9251
9119
9526
9504
9310
9609
9286
9009
9553
9393
8690
8677
9571
8704
8783
8721
9180
8663
9156
9522
9022
8955
9445
8968
8832
9551
8825
8660
9547
8633
9363
8761
9069
9572
9485
8840
8827
8746
8788
8900
9554
9131
8665
8638
9307
8936
9290
9185
8964
9348
9508
9613
9037
8875
8784
8797
9546
9086
9582
9408
8792
9259
9354
9076
9589
8894
8760
9157
9317
9463
9489
9023
9298
8971
9413
9574
9361
9467
9289
8883
9311
9025
9238
9343
9273
9497
9130
9498
8912
9253
9079
8642
8681
9486
8649
9230
9479
8950
8730
8836
9031
9216
8881
9212
9033
9466
9615
9316
9308
9405
9099
9365
9223
8829
9601
9159
8716
8674
9109
8667
8680
9306
9034
8870
9219
9423
9008
9620
9347
9429
9395
8691
8922
8709
9448
9605
8998
9439
9543
8845
9083
9278
9294
9614
8695
9476
9004
9392
9029
8830
9179
9275
8749
9373
9155
8908
8791
9370
9520
9596
9558
9281
9149
9187
8735
9250
9142
8898
9214
9428
8793
9409
9542
8645
8909
9209
9200
9559
9549
9196
9407
8787
8648
9358
9284
9464
8726
9436
9585
9319
8991
8679
9270
9128
8849
9339
9256
8752
9094
9194
9318
9104
9460
8876
9135
9521
9533
9158
9331
8910
8641
9313
9035
9195
8953
9417
9044
9579
9042
8926
8891
8764
9153
9528
9144
8992
8989
9005
8654
8800
9280
9282
8696
9063
9257
8960
9199
8897
9084
8688
9177
8759
9274
9068
8949
9137
8700
8687
8996
9038
9383
8939
9544
9482
8915
9070
8659
8769
8994
8734
9114
9608
9604
9539
8907
9248
9232
9183
8878
9191
9170
8892
8886
8646
9552
8732
8843
9221
8697
8914
8816
8756
9036
8812
9338
9247
9584
9398
9447
8658
8815
9234
9330
8820
9276
9516
9388
9322
8972
8635
8724
9488
9107
9468
9406
8630
9481
8780
8685
9245
9078
8838
8672
8676
8944
9624
9595
9292
9345
9027
9622
8689
9287
9127
8942
8781
9116
9480
9146
9501
9377
8656
8751
8978
9092
8666
9353
8772
8655
8932
9366
9059
9077
9623
9598
9301
9411
8874
8906
8705
8671
9376
9385
9404
8871
9048
8636
9337
9359
8675
8662
8668
9400
9573
9154
9586
9061
9560
9382
9494
9362
9315
8789
9207
8866
9304
8701
9096
9113
9495
9001
8684
9378
8728
9523
8966
9296
9419
8885
9575
9471
9090
9369
9403
9178
8961
8933
9030
9055
9053
9426
8941
9102
8795
9115
9050
8819
9602
9473
9224
9518
8742
9019
9228
8664
9492
9625
9606
8864
9590
8712
9442
9320
9357
8903
9218
8805
9380
9190
9496
8940
8717
9474
9134
9225
9491
8985
9097
9242
8872
9389
8686
9483
8935
9401
8807
9269
8959
8817
9062
8776
8738
9091
8835
8924
9628
8937
9095
9014
9066
9239
8755
8948
9240
8708
8916
8640
9064
8775
9397
9249
9379
9297
8929
8882
9593
9184
8925
9618
9120
9145
8699
9233
8822
9371
9229
8855
8831
9241
8846
9457
8896
8977
9456
8713
8727
8737
9143
9074
8860
9352
8890
9433
9206
9093
9226
9133
9197
9437
9580
8868
8722
9060
8986
9117
9172
