3710
3636
3752
3918
3577
3437
3765
3524
3118
3782
3773
3036
3019
3692
3295
3847
3468
3780
3541
3365
3307
3609
3651
3497
3654
3969
3629
3075
3195
3934
3698
3422
3510
3927
3424
3349
3614
3324
3379
3249
3183
3509
3442
3121
3415
3262
3748
3070
3860
3350
3264
3864
3956
3567
3348
3504
3551
3129
3912
3797
3950
3630
3736
3403
3224
3068
3861
3605
3297
3877
4000
3975
3623
3157
3640
3519
3290
3568
3411
3180
3151
3390
3868
3140
3101
3872
3198
3800
3066
3713
3833
3686
3832
3059
3602
3848
3088
3693
3056
3454
3606
3074
3908
3583
3435
3952
3308
3905
3304
3684
3098
3112
3659
3466
3902
3685
3961
3632
3158
3025
3850
3714
3133
3057
3874
3566
3052
3793
3471
3135
3018
3211
3296
3104
3337
3788
3362
3501
3353
3804
3179
3199
3852
3720
3798
3192
3703
3679
3753
3024
3405
3417
3527
3704
3967
3922
3312
3906
3266
3372
3643
3344
3063
3587
3223
3188
3706
3021
3268
3669
3743
3888
3907
3265
3489
3515
4002
3642
3459
3401
3178
3148
3528
3618
3883
3610
3064
3117
3512
3238
3315
3949
3328
3987
3485
3491
3289
3464
3447
3281
3667
3322
3662
3673
3359
3493
3986
3529
3591
3758
3201
3717
3185
3819
3564
3991
3688
3373
3430
3598
3250
3119
3283
3300
3516
3409
3253
4001
3681
3144
3733
3149
3011
3354
3718
3259
3458
3073
3282
3047
3728
3552
3810
3092
3280
3351
3197
3761
3439
3420
3977
3620
3613
3794
3647
3881
3865
3838
4003
3546
3455
3835
3069
3915
3959
3475
3978
3732
3303
3666
3369
3333
3031
3707
3356
4008
3535
3294
3045
3585
3020
3745
3431
3879
3190
3062
3803
3136
3615
4004
3582
3441
3110
3843
3990
3408
3738
3451
3399
3210
3477
3734
3416
3270
3779
3721
3429
3385
3845
3786
3778
3077
4009
3645
3298
3808
3445
3139
3702
3400
3747
3200
3171
3828
3981
3960
3849
3162
3933
3010
3012
3846
3520
3313
3639
3191
3589
3719
3222
3979
3336
3375
3853
3287
3330
3946
3392
3795
3611
3750
3694
3363
3314
3366
3383
3109
3500
3145
3942
3252
3412
3932
3241
3998
3189
3450
3638
3886
3212
3830
3772
3777
3532
3634
3971
3764
3470
3787
3206
3635
3895
3994
3061
3556
3275
3236
3219
3596
3418
3817
3674
3440
3394
3016
3536
3657
3235
3165
3079
3154
3237
3457
3507
3544
3913
3114
3677
3319
3483
3146
3042
3699
3279
3943
3569
3508
3526
3444
3426
3972
3687
3813
3805
3480
3499
3122
3984
3592
3203
3633
3622
3428
3099
3561
3335
3214
3341
3226
3676
3678
3202
3173
3783
3930
3067
3340
3689
3523
3461
3816
3530
3947
3093
3306
3759
3130
3697
3076
3608
3876
3889
3854
3518
3433
3671
3048
3724
3028
3414
3619
3204
3600
3921
3988
3177
3756
3682
3880
3355
3951
3301
3473
3999
3096
3128
3284
3562
3486
3588
3644
3554
3565
3641
3954
3239
3715
3269
3176
3105
3332
3923
3781
3875
3631
3511
3339
3668
3334
3822
3072
3604
3542
3257
3580
3288
3894
3147
3293
3543
3603
3478
3040
3842
3506
3438
3492
3495
3170
3374
3456
3576
3548
3924
3625
3023
3141
3899
3855
3391
3083
3323
3425
3919
3320
3945
3360
3361
3244
3584
3086
3407
3824
3123
3482
3163
3522
3193
3958
3763
3955
3716
3809
3115
3106
3481
3790
3131
3331
3725
3358
3494
3891
3329
3911
3695
3627
3700
3882
3749
3352
3559
3155
3661
3560
3484
3071
3134
3690
3378
3928
3731
3670
3240
3371
3656
3970
3014
3029
3940
3572
3228
3563
3229
3343
3820
3770
3597
3217
3469
3823
3427
3558
3939
3194
3168
3286
3215
3771
3080
3517
3586
3017
3916
3035
3325
3973
3691
3739
3474
3935
3964
3696
3768
3051
3182
3015
3993
3209
3248
3709
3712
3513
3382
3090
3172
3126
3857
3904
3116
3531
3453
3084
3404
3867
3302
3963
3216
3856
3397
3796
3225
3218
3272
3156
3311
3039
3815
3968
3789
3812
3840
3966
3741
3452
3658
3384
3387
3160
3273
3910
3037
3581
3490
3897
3463
3675
3980
3937
3022
3346
3058
3595
3246
3142
3827
3534
3941
3579
3814
3826
3775
3974
3549
3227
3376
3514
3125
3926
3207
3892
3726
3402
3305
3612
3503
3844
3186
3421
3419
3465
3767
3505
3851
3395
3841
3033
3449
3443
3231
3825
3722
3164
3553
3540
3776
3550
3708
3887
3277
3836
3831
3834
3054
3801
3347
3032
3245
3108
3521
3472
3318
3648
3137
3278
3326
3103
3267
3616
3737
3829
3276
3650
3487
4006
3839
3762
3784
3488
3196
3381
3041
3377
3821
3043
3396
3672
3953
3590
3859
3113
3310
3256
3806
3646
3766
3931
3166
3357
3944
3914
3982
3637
3081
3593
3989
3983
4007
3837
3863
3575

