1146
1321
1853
1132
1831
1612
1462
1266
1174
1933
1262
1445
1641
1522
1547
1558
1424
1535
1116
1696
1272
1047
1794
1046
1533
1662
1021
1205
2007
1560
1972
1921
1126
1843
1012
1720
1951
1235
1120
1267
1869
1057
1456
1515
1125
1839
1691
1014
1625
1686
1680
1995
1378
1279
1399
1524
1728
1465
1017
1067
1717
1377
1403
1113
1474
1724
1617
1891
1182
1845
1629
1334
1643
1437
1594
1481
1363
1359
1523
1289
1275
1263
1189
1554
1063
1638
1698
1486
1315
1796
1985
2003
1416
1672
1636
1256
1459
1799
1862
1908
1370
1537
1849
1007
1950
1156
1876
1320
1602
1938
1195
1090
1095
1253
1071
1965
1115
1165
1885
1264
1032
1896
1099
1846
1574
1217
1078
1615
1949
1999
1130
1588
1505
1030
1851
1642
1787
1781
1084
1429
1491
1024
1436
1589
1292
1606
1549
1288
1578
1726
1133
1360
1131
1172
1525
1530
1854
1338
1052
1319
1661
1252
1318
1591
1261
1282
1769
1803
1494
1208
1907
1391
1484
1422
1928
1844
1583
1960
1003
1605
1374
1159
1754
1470
1707
1053
1859
1081
1323
1177
1277
1892
1516
1677
1597
1358
1905
1384
1073
1056
1355
1284
1865
1627
1798
1144
1959
1801
1316
1797
1224
1756
1105
1260
1442
1852
1035
1448
1242
1203
1336
1148
1631
1501
1832
1326
1701
1772
1850
1881
1162
1855
1153
1498
1688
1913
1619
1755
1692
1556
1911
1880
1157
1340
1432
1468
1167
1873
1100
1438
1357
1344
1687
1482
1270
1777
1455
1419
1640
1150
1396
1170
1398
1385
1987
1788
1033
1285
1250
1659
1458
1371
2009
1435
1036
1964
1654
1877
1678
1745
1752
1228
1479
1427
1889
1887
1812
1723
1199
1848
1050
1601
1441
1380
1286
1223
1682
1988
1833
1091
1367
1526
1010
1795
1520
1968
1934
1858
1916
1561
1840
1735
1532
1572
1664
1394
1856
1061
1062
1761
1240
1634
1693
1947
1868
1412
1226
1569
1431
1780
1495
1308
1809
1841
1657
1294
1290
1576
1580
1042
1215
1616
1861
1718
1679
1607
1406
1029
1996
1604
1464
1381
1249
1775
1991
1721
1160
1650
1328
1685
1610
1648
1740
1628
1452
1842
1463
1353
1994
1141
1166
1957
1847
1317
1048
1739
1060
1732
1109
1819
1706
1730
1225
1666
1948
1402
1273
1280
1790
1702
1699
1364
1346
1134
1181
1287
1514
1976
1110
1106
1981
1040
1137
1914
1325
1094
1493
1248
1810
1504
1909
1204
1528
1000
1568
1577
1421
1563
1930
1895
1147
1026
1958
1695
1901
1397
1244
1251
1379
1598
1107
1879
1886
1361
1171
1400
1518
1140
1301
1727
1220
1669
1733
1305
1356
1211
1503
1830
1765
1986
1117
1500
1655
1376
1395
1922
1188
1180
1703
1128
1342
1806
1980
1823
1350
1449
1276
1480
1158
1970
1550
1894
1092
1231
1997
1082
1487
1633
1653
1978
1196
1694
1176
1646
1759
1221
1193
1283
1746
1834
1068
1257
1008
1719
1663
1460
1102
1366
1715
1227
1587
1893
1333
1001
1467
1974
1212
1388
1343
1544
1776
1590
1112
1645
1341
1072
1372
1368
1023
1232
1077
1151
1967
1362
1198
1711
1789
1545
1963
1096
1497
1575
1025
1888
1201
1002
1291
2008
1298
1768
1039
1245
1609
1492
1510
1738
1089
1671
1704
1477
1173
1596
1469
1731
1478
1083
1038
1076
1103
1805
1302
1415
1483
1870
1621
1519
1931
1742
1269
1898
1509
1059
1860
1882
1098
1570
1037
1900
1169
1168
1773
1939
1473
1992
1647
1936
1750
1736
1784
1444
1045
1499
1327
1330
1940
1924
1365
1004
1878
1122
1943
1599
1408
1428
1507
1489
2005
1015
1241
1536
1573
1639
1673
1953
1613
1034
1369
1919
1161
1020
1600
1785
1070
1557
1259
1771
1247
1307
1136
1019
1808
1779
1476
1352
1618
1414
1069
1271
1871
1749
1990
1567
1623
1418
1347
1466
1975
1233
1559
1496
2000
1690
2001
1219
1055
1108
1725
1748
1714
1614
1684
1404
1430
1064
1825
1088
1411
1461
1804
1705
1265
1163
1595
1135
1814
1382
1737
1644
1472
1716
1712
1998
1426
1857
1866
1734
1539
1753
1237
1016
1111
1434
1593
1295
1351
1816
1453
1829
1565
1339
1656
1018
1028
1903
1337
1783
1954
1303
1763
2004
1407
1390
1652
1297
1348
1178
1179
1184
1904
1800
1210
2002
1579
1676
1300
1744
1387
1185
1485
1051
1874
1417
1409
1065
1811
1709
1114
1581
1956
1923
1230
1630
1786
1087
1670
1454
1929
1758
1941
1918
1142
1542
1190
1824
1119
1543
1912
1386
1508
1104
1383
2006
1420
1129
1191
1375
1757
1764
1632
1389
1538
1236
1041
1222
1423
1708
1586
1293
1585
1624
1488
1005
1649
1751
1149
1910
1127
1683
1145
1952
1534
1329
1774
1675
1984
1802
1296
1234
1864
1760
1651
1608
1883
1821
1097
1304
1446
1457

