286
670
415
352
260
524
106
704
944
182
642
207
72
920
185
646
198
34
816
73
971
36
925
573
124
954
754
166
551
267
620
587
589
261
745
388
81
445
568
353
345
430
548
526
209
991
447
434
502
301
126
732
629
872
161
252
406
196
758
560
929
427
63
419
903
724
143
839
24
384
901
493
767
169
119
854
762
533
977
69
682
545
480
698
823
187
562
543
746
750
923
842
93
540
173
365
292
951
998
240
982
279
263
517
741
195
907
383
217
331
904
666
960
947
109
449
407
709
612
91
254
537
355
45
329
341
975
585
979
958
786
572
733
851
4
337
306
538
937
673
934
491
229
609
421
218
235
862
424
964
439
204
501
16
62
624
583
116
97
149
814
311
74
272
20
77
18
476
53
693
84
238
328
258
259
159
896
15
853
695
470
184
918
274
596
718
197
85
801
664
986
928
815
905
993
832
870
369
233
955
397
5
129
685
483
294
828
201
604
250
495
771
523
346
871
216
332
440
586
125
298
974
390
653
877
455
932
594
692
75
756
697
190
232
498
416
188
759
168
639
221
165
734
375
780
755
379
330
783
938
663
558
530
2
257
564
404
325
281
763
751
764
310
382
54
128
818
152
808
368
521
405
894
414
672
422
959
33
26
462
584
778
141
674
280
11
804
701
304
626
796
753
648
148
17
900
516
547
396
23
167
632
506
519
48
150
67
457
613
799
715
922
634
520
117
178
874
299
101
14
948
809
7
773
630
446
651
787
131
857
952
315
356
856
844
6
897
283
657
138
542
403
570
788
669
841
264
603
722
800
302
557
79
245
489
652
953
52
793
995
700
647
19
305
202
748
610
579
843
377
819
308
137
712
118
833
441
487
792
458
591
514
271
618
522
130
87
930
736
582
768
627
55
31
749
893
222
284
886
567
29
122
225
503
88
518
992
825
227
654
140
765
906
574
898
370
68
287
528
943
312
895
838
873
80
289
942
830
742
769
834
362
266
236
398
61
500
219
194
395
924
402
650
394
485
323
912
605
706
795
154
822
556
423
71
43
426
527
30
728
44
224
92
776
162
86
477
883
437
891
861
226
412
606
326
3
510
90
303
935
113
691
418
597
550
142
945
671
472
744
454
35
921
601
357
464
307
849
803
719
770
210
151
70
466
133
835
607
611
481
774
824
878
435
399
496
251
448
984
665
956
850
199
213
726
940
497
980
817
577
170
249
536
936
364
115
459
855
65
887
676
720
981
911
827
438
761
592
127
965
988
641
581
171
425
268
492
696
134
507
338
241
829
820
699
939
293
636
677
968
456
662
317
509
255
417
367
852
836
309
667
683
121
205
779
102
884
865
99
215
363
908
879
702
914
453
598
144
158
413
760
155
931
376
10
789
206
534
714
83
847
858
739
350
806
59
917
656
869
707
757
183
950
576
946
410
811
371
57
490
643
120
633
479
890
482
181
875
186
831
157
265
625
515
675
420
888
429
208
100
766
191
892
717
220
432
578
703
428
860
108
212
973
372
132
214
282
628
442
295
49
0
469
555
276
473
269
644
46
273
247
655
866
798
996
593
313
1
623
471
262
336
694
553
180
354
94
452
256
8
327
600
42
775
104
608
738
637
580
318
237
926
160
411
782
976
285
681
333
723
25
408
468
927
82
863
177
813
339
334
511
203
321
393
374
859
349
552
347
153
296
708
139
146
661
387
529
47
881
919
680
211
488
710
621
711
243
868
499
60
380
535
512
58
223
846
176
179
566
444
876
810
784
602
619
684
544
735
436
89
291
781
867
588
391
486
316
239
32
136
484
409
288
689
351
740
916
107
123
688
