6132
6391
5964
6087
5779
5916
6114
5831
5650
6122
6369
6329
5747
6187
6055
6474
5997
6131
5802
6461
6239
5971
6283
6480
5658
5661
5835
6206
5720
5873
6056
5830
5774
5780
6057
6168
5931
6366
5993
5626
5954
6605
6203
6106
5726
6198
6315
6183
6128
6511
5687
6334
6466
6299
6343
6512
6248
5851
5814
5781
5969
6584
5953
6371
5670
6261
5833
5866
6285
5794
6091
6012
6471
6448
6134
6375
6001
6342
6298
6473
6392
6562
6377
6265
6544
5632
6507
5886
6274
6612
6425
5630
6255
5822
6175
5688
5644
6320
5733
6538
6516
6092
6554
5677
5710
5792
6489
5990
5868
6118
6159
5725
6407
5773
5777
6222
6430
5801
6314
6559
6347
6270
6428
5986
5992
6016
5790
6186
6388
6376
6268
6151
6021
5749
5695
5891
6272
6253
5638
6067
6050
6111
5643
5724
5849
5958
5652
6017
6614
5860
6145
6323
6331
5853
6435
5665
5877
6066
6455
6230
5620
6125
6348
5965
6557
5625
6236
6532
5875
6547
6238
6080
6595
6137
6155
5716
6150
5828
5876
5947
6123
6354
6563
6502
6570
6214
6503
6097
5668
6289
5682
6024
5723
5994
5637
6303
6139
5894
6179
5948
6402
6216
6124
6117
6477
6244
5872
6606
6081
6322
6529
5887
5920
6013
6450
6020
6593
6423
6403
6422
6148
5804
6367
5898
6220
5847
6026
6156
6109
5768
6404
6454
6596
5808
6266
5874
5805
6508
6011
6172
5975
6530
6121
6120
5882
6105
5660
5834
6608
5991
6182
6292
6047
5806
6030
5722
6286
6537
6252
6074
5651
6556
6406
5698
6052
5674
6536
6005
6610
5736
5880
5676
6488
6032
5654
6481
6219
5897
5679
5989
6119
5739
5655
6324
5845
5870
5701
6374
5686
6580
5854
5765
5938
5839
5893
6197
6409
6269
5983
6405
6041
5647
5653
6486
6475
5842
6389
6160
6531
5728
6192
6149
6075
5750
6004
6436
6167
6576
6018
5869
5982
5943
5908
5950
5738
6293
5981
6483
6589
6204
5977
6281
6539
5996
5926
6494
5892
5641
6078
5767
5646
5899
6014
5896
5758
6386
5708
6552
6616
5719
6419
5793
6458
6456
5951
6306
6245
5787
5734
6208
5957
5810
5881
6260
5855
6521
5685
6291
6327
5797
5727
5937
5740
6604
6498
6045
6490
6054
6451
5786
6232
5755
6037
6099
5844
6043
5978
6370
6217
6353
5919
6446
6543
6400
5639
6572
5889
6491
6129
5961
6029
6188
6441
5621
6213
6039
5900
6257
5730
6335
5657
6520
6549
6515
6607
6514
5656
5949
6127
5878
6100
5912
6251
6412
6259
6225
6550
5925
6035
5703
5909
6130
5956
6282
6027
5972
5939
5693
6051
5895
5763
6574
6227
6304
5771
5759
6349
6426
5706
5927
5859
6368
6171
5633
6341
5832
5945
6249
5766
5764
5702
6195
6462
6294
6231
5902
6140
6201
5819
5753
6464
6332
6174
5697
6336
6019
6591
6083
5852
6246
6597
5744
5664
5871
6022
5624
6138
6064
6439
5709
6542
6579
6497
5809
5924
6611
6044
6165
6394
5934
5837
5718
6418
6603
6527
5800
6453
6302
5826
5669
6094
5799
6229
6416
6058
6362
6264
6040
5840
6115
6158
6613
5858
5689
6278
6560
6437
6566
5622
6038
6541
5681
6452
6235
6379
6084
6077
6360
5850
5923
6258
6023
6500
5737
6442
5690
6586
6373
5968
6340
6421
5907
6309
5796
6393
6207
5636
6575
6463
6413
6618
5963
6277
6093
5788
5704
6567
5862
6079
5784
6073
6600
5683
6003
5694
5803
6535
6447
6036
6034
6415
6470
5942
5667
5980
6569
6524
5843
6565
6108
5921
5813
6053
6161
6449
5929
6460
5816
6162
5944
6062
6028
6432
5976
6218
6420
5742
6178
6501
6485
6598
5836
6364
6166
5817
5960
6319
6546
6247
6504
6495
5680
5933
5746
6288
6356
6482
6276
5867
6065
5782
5999
6350
6068
5762
5829
6042
6263
6587
5752
6384
6328
5735
6301
6365
5745
6476
6002
6243
6110
6577
6378
5885
6337
6202
6444
6205
5757
5905
6582
6210
6112
6191
6385
5888
5627
5672
6143
6525
6177
6333
6086
6534
6325
6619
5863
6136
5941
6330
5973
5966
5645
6316
5628
5952
5770
6063
6465
6194
5629
6007
5955
6540
5915
6290
6215
6457
6173
6609
6142
6010
5846
6387
6499
6357
5791
5959
6601
6300
5811
6352
6395
5884
6487
6594
6571
6070
6196
6518
6089
6588
6146
6262
6434
5761
5857
6308
5998
6295
6472
5666
6104
6564
6433
6617
6372
5754
5910
5783
6061
6190
5789
5760
5820
6082
6396
6154
5712
5838
6484
6506
6296
6468
5932
5663
6431
6383
6551
6358
6346
5729
6305
5856
6312
6209
6031
5743
6361
6581
5640
6234
6060
6189
5673
6184
6526
5825
5649
5818
5705
5671
5841
5715
6069
5732
6351
5713
5970
5974
6313
6102
5692
5821
6025
6237
5635
5987
6271
6307
5776