4285
4045
4517
4617
4267
4597
4554
4059
4601
4242
4272
4361
4331
4138
4301
4436
4275
4023
4068
4381
4277
4553
4027
4288
4304
4238
4598
4113
4196
4332
4607
4543
4416
4378
4310
4033
4400
4483
4491
4046
4470
4367
4247
4489
4235
4372
4482
4494
4177
4516
4148
4588
4590
4358
4037
4452
4218
4488
4412
4550
4249
4566
4497
4209
4493
4011
4118
4274
4591
4540
4050
4159
4147
4327
4371
4505
4016
4229
4137
4549
4279
4352
4356
4387
4509
4103
4396
4417
4162
4322
4269
4395
4501
4610
4448
4155
4559
4428
4102
4139
4350
4343
4577
4542
4447
4512
4513
4075
4498
4449
4224
4312
4166
4025
4191
4174
4415
4487
4575
4291
4257
4525
4036
4473
4586
4406
4339
4317
4201
4130
4157
4548
4125
4405
4520
4348
4326
4053
4294
4547
4225
4066
4305
4169
4108
4446
4453
4092
4101
4323
4245
4328
4523
4200
4184
4506
4093
4319
4107
4450
4433
4290
4382
4539
4149
4094
4012
4180
4337
4227
4146
4582
4615
4465
4049
4510
4271
4152
4369
4342
4298
4618
4502
4264
4355
4392
4188
4522
4585
4535
4021
4039
4484
4156
4616
4076
4106
4605
4587
4062
4226
4145
4571
4311
4435
4091
4340
4479
4239
4210
4126
4268
4160
4475
4460
4599
4567
4496
4236
4527
4503
4221
4420
4321
4241
4430
4383
4370
4360
4398
4100
4164
4040
4128
4120
4299
4407
4380
4515
4546
4603
4529
4427
4349
4504
4595
4296
4443
4078
4521
4024
4544
4404
4085
4115
4250
4418
4153
4142
4432
4606
4258
4471
4600
4192
4445
4429
4463
4354
4052
4172
4034
4365
4403
4167
4376
4574
4020
4511
4026
4086
4507
4579
4132
4254
4019
4212
4204
4458
4022
4295
4338
4173
4485
4069
4237
4048
4081
4440
4619
4168
4364
4302
4410
4035
4564
4413
4281
4013
4563
4199
4114
4366
4514
4478
4230
4552
4029
4391
4182
4472
4211
4122
4589
4262
4263
4409
4080
4293
4187
4397
4219
4377
4015
4308
4158
4278
4424
4206
4454
4234
4431
4422
4419
4256
4276
4095
4565
4423
4612
4286
4283
4444
4175
4088
4203
4133
4333
4385
4519
4077
4526
4150
4072
4402
4129
4110
4141
4232
4189
4581
4246
4464
4213
4399
4556
4041
4217
4451
4253
4351
4223
4347
4583
4030
4063
4124
4178
4194
4028
4456
4330
4134
4374
4071
4185
4480
4193
4136
4551
4459
4533
4197
4593
4292
4261
4240
4097
4426
4017
4578
4476
4545
4300
4252
4079
4388
4140
4064
4074
4058
4325
4373
4613
4205
4303
4408
4536
4313
4083
4010
4055
4315
4611
4314
4165
4181
4572
4442
4576
4320
4163
4394
4537
4490
4344
4306
4411
4401
4393
4144
4260
4486
4121
4560
4057
4316
4468
4495
4099
4090
4329
4434
4353
4170
4243
4038
4455
4524
4047
4161
4324
4335
4111
4044
4318
4259
4119
4051
4061
4534
4280
4528
4231
4461
4043
4084
4265
