286
670
415
352
260
524
106
704
944
182
642
207
72
920
185
646
198
34
816
73
971
36
925
573
124
954
754
166
551
267
620
587
589
261
745
388
81
445
568
353
345
430
548
526
209
991
447
434
502
301
126
732
629
872
161
252
406
196
758
560
929
427
63
419
903
724
143
839
24
384
901
493
767
169
119
854
762
533
977
69
682
545
480
698
823
187
562
543
746
750
923
842
93
540
173
365
292
951
998
240
982
279
263
517
741
195
907
383
217
331
904
666
960
947
109
449
407
709
612
91
254
537
355
45
329
341
975
585
979
958
786
572
733
851
4
337
306
538
937
673
934
491
229
609
421
218
235
862
424
964
439
204
501
16
62
624
583
116
97
149
814
311
74
272
20
77
18
476
53
693
84
238
328
258
259
159
896
15
853
695
470
184
918
274
596
718
197
85
801
664
986
928
815
905
993
832
870
369
233
955
397
5
129
685
483
294
828
201
604
250
495
771
523
346
871
216
332
440
586
125
298
974
390
653
877
455
932
594
692
75
756
697
190
232
498
416
188
759
168
639
221
165
734
375
780
755
379
330
783
938
663
558
530
2
257
564
404
325
281
763
751
764
310
382
54
128
818
152
808
368
521
405
894
414
672
422
959
33
26
462
584
778
141
674
280
11
804
701
304
626
796
753
648
148
17
900
516
547
396
23
167
632
506
519
48
150
67
457
613
799
715
922
634
520
117
178
874
299
101
14
948
809
7
773
630
446
651
787
131
857
952
315
356
856
844
6
897
283
657
138
542
403
570
788
669
841
264
603
722
800
302
557
79
245
489
652
953
52
793
995
700
647
19
305
202
748
610
579
843
377
819
308
137
712
118
833
441
487
792
458
591
514
271
618
522
130
87
930
736
582
768
627
55
31
749
893
222
284
886
567
29
122
225
503
88
518
992
825
227
654
140
765
906
574
898
370
68
287
528
943
312
895
838
873
80
289
942
830
742
769
834
362
266
236
398
61
500
219
194
395
924
402
650
394
485
323
912
605
706
795
154
822
556
423
71
43
426
527
30
728
44
224
92
776
162
86
477
883
437
891
861
226
412
606
326
3
510
90
303
935
113
691
418
597
550
142
945
671
472
744
454
35
921
601
357
464
307
849
803
719
770
210
151
70
466
133
835
607
611
481
774
824
878
435
399
496
251
448
984
665
956
850
199
213
726
940
497
980
817
577
170
249
536
936
364
115
459
855
65
887
676
720
981
911
827
438
761
592
965
988
641
581
171
425
268
492
696
134
507
338
241
829
820
699
939
293
636
677
968
456
662
317
509
255
417
367
852
836
309
667
683
121
205
779
102
884
865
99
215
363
908
879
702
914
453
598
144
158
413
760
155
931
376
10
789
206
534
714
83
847
858
739
350
806
59
917
656
869
707
757
183
950
576
946
410
811
371
57
490
643
120
633
479
890
482
181
875
186
831
157
265
625
515
675
420
888
429
208
100
766
191
892
717
220
432
578
703
428
860
108
212
973
372
132
214
282
628
442
295
49
0
469
555
276
473
269
644
46
273
247
655
866
798
996
593
313
1
623
471
262
336
694
553
180
354
94
452
256
8
327
600
42
775
104
608
738
637
580
318
237
926
160
411
782
976
285
681
333
723
25
408
468
927
82
863
177
813
339
334
511
203
321
393
374
859
349
552
347
153
296
708
139
146
661
387
529
47
881
919
680
211
488
710
621
711
243
868
499
60
380
535
512
58
223
846
176
179
566
444
876
810
784
602
619
684
544
735
436
89
291
781
867
588
391
486
316
239
32
136
484
409
288
689
351
740
916
107
123
688
4883
5206
5182
5460
5005
5094
4719
5388
5208
4818
5586
4940
5315
5514
4680
5195
5218
4921
5569
4666
5170
4676
4959
5125
5281
4881
5132
5307
4675
5305
4965
5365
5510
4945
5252
5398
4961
5373
4654
4825
4880
4828
4701
5084
4902
5380
4889
5345
5483
5026
4970
5126
5341
5449
5209
4638
4937
4652
5198
5611
4683
5157
4820
4651
4664
4754
4663
5146
5004
5058
5391
4926
5507
5060
5168
5113
5010
4708
5317
4973
4790
5080
5022
5223
5276
5225
5615
4732
4773
5078
5571
4757
5461
4653
4740
5322
4784
5020
5523
5372
5356
5133
4984
5474
4769
5318
5400
4957
5566
5567
4897
5423
4848
5272
5368
4723
4698
4724
4621
5588
4922
5518
5430
4852
5406
4931
5106
5399
5509
4755
5063
5443
5207
4985
4672
4834
5147
4952
5604
5339
5403
4627
4868
5359
4869
5176
5271
5325
5583
4667
5180
4949
4748
4844
5433
4715
5467
5220
4697
5054
5250
5591
5021
5387
4954
4815
5134
4843
4974
5162
5011
5457
5401
5568
4866
5527
5404
5402
5340
4725
5456
4928
5502
5097
4929
5439
5321
4742
5577
5596
4836
4939
5446
5362
5602
5219
5328
5334
5358
5280
5007
5393
4752
5480
5442
4905
5284
4858
5088
4731
5102
4750
5216
5229
4923
4993
5070
4840
5526
5274
5291
4759
4636
4988
5453
5221
5503
4964
5344
5553
4695
4747
5521
5538
5087
4925
5277
4819
5614
5444
5055
4976
5421
4981
5076
5062
5498
5558
4906
5261
5254
5338
4827
4781
4872
5136
4660
5455
4771
5108
4622
4899
4932
5030
4811
5181
5475
4677
5357
4734
4975
4892
5313
4783
5576
4647
5309
5326
5260
4951
5463
5389
5493
5548
4714
5262
4795
4791
5287
4838
5304
5166
5308
4950
4979
4908
5041
4817
5366
4924
4716
4997
4934
4891
4644
4876
4813
5410
5255
4702
4649
5141
5096
5417
4751
5215
5003
4730
5236
5350
5163
5224
4711
5244
5189
5093
5314
5513
5436
5347
5540
4779
4696
4920
4864
5298
5504
5556
4686
4946
4625
5431
5161
5192
4761
5068
4962
4745
4673
5036
4635
5025
5355
4884
5497
5490
5103
5006
5303
4749
5282
4938
4712
5500
5226
5171
4720
5050
5335
5311
5128
5440
5489
5197
5607
4685
5386
5557
5237
5491
5222
4713
4780
5572
5240
5531
4690
5581
5561
5085
5246
5079
5081
5031
5333
5610
5119
4856
4808
4972
5140
4888
5565
4804
5420
5091
4917
5072
4623
4670
5033
5245
5247
5371
4678
5069
4709
5477
5595
4722
4643
5066
5301
5547
4983
5468
5191
5470
4787
5354
4782
4893
5427
5187
4628
5121
4823
4998
5253
5426
4860
4796
4982
5293
5454
4645
5367
5323
4911
5376
4646
5014
5241
4947
5587
4977
5264
4849
4691
5394
5487
5067
5529
4648
4914
5156
4758
5319
5110
5074
5618
5034
4953
5559
5008
4894
5028
5331
5249
5469
5199
4774
5039
5269
4847
5462
5292
5127
5499
5123
4941
5259
5471
4810
4898
4727
5151
5027
5234
5520
5047
5543
5408
5535
4662
4850
5575
5405
5015
4806
5065
4704
4895
5204
4765
4882
4764
5330
4989
4772
4798
4829
4700
5532
5083
4794
5016
5037
5071
4669
5297
4799
5555
4927
5286
5129
4960
4681
5451
5024
4710
5472
4837
5044
5001
5154
5598
5306
4885
4721
4800
4770
4778
5248
5194
5285
5383
5012
5173
4863
5385
5172
5573
4874
5086
5377
4726
5064
4909
5486
5379
4978
5320
4693
5040
5184
4699
4797
4661
5392
4986
5077
4870
5434
4967
5415
4624
4862
4671
4992
5053
5519
5142
4728
5032
5605
5231
4630
5544
4841
5609
5395
5481
5378
4706
5381
4822
5592
4688
5056
5478
4707
5447
4904
5114
5212
5494
5210
5158
5203
5369
5105
5508
5533
4629
5563
5152
4631
5608
4918
4830
4831
5397
4687
4890
4786
5150
5396
5324
4793
5407
5616
4861
4659
5363
5143
5516
4901
5211
5101
5517
5336
4907
4996
5117
5441
5018
5351
5432
5013
5445
5549
5273
4878
5528
5268
4741
4743
5484
5100
5482
5411
4879
4633
5582
5501
4839
5422
5593
5412
5370
4867
4854
4824
4756
4875
4735
5239
4788
5613
4801
5048
4679
4855
4903
5524
4851
5512
5177
4626
5275
5312
5458
5167
5495
4689
5349
5409
5364
5428
5155
5579
4913
5473
4694
5541
4853
5352
5329
4641
4958
4999
5600
5193
5419
4933
5360
5348
5384
5179
5289
4767
5160
5585
4842
5574
5090
4692
5238
5353
5183
4857
5256
5122
4776
5545
4845
5202
5029
5178
5534
5279
5530
4948
4739
5042
5038
5603
5073
5343
4919
5043
4736
5584
5570
5594
5560
4944
5196
5009
5107
4887
5479
4942
5243
4729
4805
4674
4966
5120
4766
5257
4873
4642
4980
4657
5337
5418
5452
4640
5522
5175
5316
5476
5098
5082
5017
5283
5188
4935
6132
6391
5964
6087
5779
5916
6114
5831
5650
6122
6369
6329
5747
6187
6055
6474
5997
6131
5802
6461
6239
5971
6283
6480
5658
5661
5835
6206
5720
5873
6056
5830
5774
5780
6057
6168
5931
6366
5993
5626
5954
6605
6203
6106
5726
6198
6315
6183
6128
6511
5687
6334
6466
6299
6343
6512
6248
5851
5814
5781
5969
6584
5953
6371
5670
6261
5833
5866
6285
5794
6091
6012
6471
6448
6134
6375
6001
6342
6298
6473
6392
6562
6377
6265
6544
5632
6507
5886
6274
6612
6425
5630
6255
5822
6175
5688
5644
6320
5733
6538
6516
6092
6554
5677
5710
5792
6489
5990
5868
6118
6159
5725
6407
5773
5777
6222
6430
5801
6314
6559
6347
6270
6428
5986
5992
6016
5790
6186
6388
6376
6268
6151
6021
5749
5695
5891
6272
6253
5638
6067
6050
6111
5643
5724
5849
5958
5652
6017
6614
5860
6145
6323
6331
5853
6435
5665
5877
6066
6455
6230
5620
6125
6348
5965
6557
5625
6236
6532
5875
6547
6238
6080
6595
6137
6155
5716
6150
5828
5876
5947
6123
6354
6563
6502
6570
6214
6503
6097
5668
6289
5682
6024
5723
5994
5637
6303
6139
5894
6179
5948
6402
6216
6124
6117
6477
6244
5872
6606
6081
6322
6529
5887
5920
6013
6450
6020
6593
6423
6403
6422
6148
5804
6367
5898
6220
5847
6026
6156
6109
5768
6404
6454
6596
5808
6266
5874
5805
6508
6011
6172
5975
6530
6121
6120
5882
6105
5660
5834
6608
5991
6182
6292
6047
5806
6030
5722
6286
6537
6252
6074
5651
6556
6406
5698
6052
5674
6536
6005
6610
5736
5880
5676
6488
6032
5654
6481
6219
5897
5679
5989
6119
5739
5655
6324
5845
5870
5701
6374
5686
6580
5854
5765
5938
5839
5893
6197
6409
6269
5983
6405
6041
5647
5653
6486
6475
5842
6389
6160
6531
5728
6192
6149
6075
5750
6004
6436
6167
6576
6018
5869
5982
5943
5908
5950
5738
6293
5981
6483
6589
6204
5977
6281
6539
5996
5926
6494
5892
5641
6078
5767
5646
5899
6014
5896
5758
6386
5708
6552
6616
5719
6419
5793
6458
6456
5951
6306
6245
5787
5734
6208
5957
5810
5881
6260
5855
6521
5685
6291
6327
5797
5727
5937
5740
6604
6498
6045
6490
6054
6451
5786
6232
5755
6037
6099
5844
6043
5978
6370
6217
6353
5919
6446
6543
6400
5639
6572
5889
6491
6129
5961
6029
6188
6441
5621
6213
6039
5900
6257
5730
6335
5657
6520
6549
6515
6607
6514
5656
5949
6127
5878
6100
5912
6251
6412
6259
6225
6550
5925
6035
5703
5909
6130
5956
6282
6027
5972
5939
5693
6051
5895
5763
6574
6227
6304
5771
5759
6349
6426
5706
5927
5859
6368
6171
5633
6341
5832
5945
6249
5766
5764
5702
6195
6462
6294
6231
5902
6140
6201
5819
5753
6464
6332
6174
5697
6336
6019
6591
6083
5852
6246
6597
5744
5664
5871
6022
5624
6138
6064
6439
5709
6542
6579
6497
5809
5924
6611
6044
6165
6394
5934
5837
5718
6418
6603
6527
5800
6453
6302
5826
5669
6094
5799
6229
6416
6058
6362
6264
6040
5840
6115
6158
6613
5858
5689
6278
6560
6437
6566
5622
6038
6541
5681
6452
6235
6379
6084
6077
6360
5850
5923
6258
6023
6500
5737
6442
5690
6586
6373
5968
6340
6421
5907
6309
5796
6393
6207
5636
6575
6463
6413
6618
5963
6277
6093
5788
5704
6567
5862
6079
5784
6073
6600
5683
6003
5694
5803
6535
6447
6036
6034
6415
6470
5942
5667
5980
6569
6524
5843
6565
6108
5921
5813
6053
6161
6449
5929
6460
5816
6162
5944
6062
6028
6432
5976
6218
6420
5742
6178
6501
6485
6598
5836
6364
6166
5817
5960
6319
6546
6247
6504
6495
5680
5933
5746
6288
6356
6482
6276
5867
6065
5782
5999
6350
6068
5762
5829
6042
6263
6587
5752
6384
6328
5735
6301
6365
5745
6476
6002
6243
6110
6577
6378
5885
6337
6202
6444
6205
5757
5905
6582
6210
6112
6191
6385
5888
5627
5672
6143
6525
6177
6333
6086
6534
6325
6619
5863
6136
5941
6330
5973
5966
5645
6316
5628
5952
5770
6063
6465
6194
5629
6007
5955
6540
5915
6290
6215
6457
6173
6609
6142
6010
5846
6387
6499
6357
5791
5959
6601
6300
5811
6352
6395
5884
6487
6594
6571
6070
6196
6518
6089
6588
6146
6262
6434
5761
5857
6308
5998
6295
6472
5666
6104
6564
6433
6617
6372
5754
5910
5783
6061
6190
5789
5760
5820
6082
6396
6154
5712
5838
6484
6506
6296
6468
5932
5663
6431
6383
6551
6358
6346
5729
6305
5856
6312
6209
6031
5743
6361
6581
5640
6234
6060
6189
5673
6184
6526
5825
5649
5818
5705
5671
5841
5715
6069
5732
6351
5713
5970
5974
6313
6102
5692
5821
6025
6237
5635
5987
6271
6307
5776
7618
7166
7338
6710
6918
6872
7549
6708
7526
7496
6962
6722
7030
6831
7054
7169
7537
6680
7403
6854
7580
6707
7131
7240
6647
7473
6781
7018
7005
7179
6948
6631
6945
6814
7548
6906
6789
6849
7228
6630
7544
7182
7089
7593
6901
7519
7209
6946
6694
6975
7006
6929
6764
7577
7234
7540
7372
7223
6667
7406
7013
7545
7399
6836
7385
6752
7181
7055
6940
7525
7285
6912
6750
6809
6715
7063
7380
7016
7296
7575
6839
6769
6887
7278
7566
6785
7560
7555
7139
7149
7151
7009
7595
7434
7115
7512
7444
7277
6702
7080
6626
7264
6725
7313
6807
6705
7423
6657
7140
7096
7041
7442
6642
6822
7049
7164
6988
7416
7460
7002
7060
6656
7534
6783
6858
7253
6686
7558
7364
7159
7165
6623
6874
6894
6895
7490
6998
7022
7389
7171
7420
6880
7000
6954
7584
7378
7565
7141
7594
6801
6889
7583
6925
7075
7192
7094
7472
7571
7554
6675
7052
7557
6959
7484
7189
6746
6840
7331
6786
7320
7450
6674
7564
7438
7104
7222
7576
7248
6919
7383
7454
7023
7008
7242
7388
7297
7374
7376
7321
7130
6751
6855
6637
7482
7314
6629
7392
7447
7037
6761
7341
7064
6767
7300
6907
7229
7322
7608
6756
7252
7068
7152
6672
7440
7143
7448
7184
7586
7245
7382
7258
7334
7605
7033
7587
6677
7340
7373
7251
6920
7345
7069
6956
6961
7606
6923
7316
7568
6784
6879
6792
7362
7498
7475
7602
6999
7398
7351
6621
7099
7073
7206
6670
6649
6697
7038
7582
6669
6984
7550
6947
7611
7226
7101
7190
6644
6817
7148
6780
6791
7533
7523
7214
6886
6997
6934
7197
6663
6927
7394
7379
7238
6970
7262
7424
7531
7574
7307
6728
7599
7306
6848
7530
7445
7524
6696
6768
7012
7116
7488
6917
7284
6990
7335
7511
6760
6788
7260
7195
7186
7088
6671
7356
6795
7328
7109
7020
6724
6896
7384
7413
7051
7261
7417
7302
6805
7044
6719
7425
7286
6964
6881
7401
6971
7201
6700
6816
7478
7281
7381
6654
7477
7273
7085
7332
7563
7053
7358
6898
7431
7318
7553
7043
6741
7173
7021
7603
6841
7405
7117
7435
7288
7520
7369
7025
7129
7344
6777
7452
7289
7354
6963
6864
6910
7122
7196
7324
6737
7441
7230
7368
7154
7592
6802
7299
7199
7091
7072
6994
7105
6936
6776
7110
7221
7084
6845
6885
7330
6957
7271
7003
7059
7591
7174
7070
6749
7127
7370
6723
7503
7254
7237
7239
6799
6892
7153
7458
7210
7045
6773
6883
6861
7397
7207
6676
7243
7133
6882
7521
6827
7508
7486
6829
7180
6902
7156
7275
6905
6899
6943
7280
6653
7619
7086
6835
7031
7504
7443
6949
6736
7081
6684
6916
6698
6658
6877
7301
6969
6842
7391
6740
6996
7198
6793
7147
6729
7056
7310
6687
7377
7283
6972
6903
7465
7466
7128
7329
7589
6743
7113
6714
7220
7470
6958
7014
6662
6965
6673
7093
7390
6938
7039
6774
6666
6639
7079
7598
7433
7604
6628
6701
7386
7371
7011
7118
6709
7495
6833
6974
6798
7138
7375
6823
7268
7274
6847
7559
7108
6721
6828
6794
7082
6646
7172
7167
6989
6866
6890
6765
7342
6995
7298
7585
7427
6742
6683
6813
7135
6806
7483
6944
6660
6695
6739
6834
6706
6757
7428
7160
7497
6771
6759
6884
6730
7269
7233
6979
7119
7235
6976
6843
6915
7157
7597
7569
6762
7616
7402
7407
7058
7436
7518
6625
7241
7456
7361
7489
7279
7353
7126
6978
7067
6753
6641
7185
7257
6871
7244
7163
6851
7439
6911
6703
6939
6688
7601
7449
6635
6921
7412
6983
7315
7212
6935
7527
7019
7421
7312
6735
7535
6930
7348
7035
7323
6713
7469
6643
7098
6638
6857
6766
7579
6987
7304
7265
7327
7349
6937
7429
7347
7410
7203
7001
7078
7507
6950
7501
6808
6825
6904
7017
6685
6818
7215
6731
6913
6819
7071
7213
6893
7103
7295
7326
7168
7046
7029
7363
7336
6620
7120
7339
7393
7459
7034
7366
6651
7123
6634
7305
7409
7502
7114
6779
7543
7487
7462
7464
7225
6661
7538
6754
7004
7272
6967
6856
7419
6648
6682
6796
6846
6951
7290
7107
7547
7542
7317
7418
7337
7311
7359
6931
7061
7607
7057
7255
6810
7400
7066
7175
7263
7036
6992
7529
7522
7132
7095
7492
6633
7087
7561
7422
7505
6720
7097
7415
7292
7541
6891
7205
6800
6960
6865
6838
6926
6738
6932
7219
6650
7590
7024
7178
6755
6622
7479
7515
6711
7546
7216
7188
7232
7112
7256
7217
7467
6624
7040
6726
7499
7365
7227
7076
6955
6668
7176
7155
6897
6980
6878
7015
7333
6772
7231
7250
7468
7276
6690
7396
7161
7562
6770
7476
7528
7249
7032
6986
7137
6859
7246
6815
7355
6900
7350
7609
6797
7010
6826
7480
7266
6985
7183
4285
4045
4517
4617
4267
4597
4554
4059
4601
4242
4272
4361
4331
4138
4301
4436
4275
4023
4068
4381
4277
4553
4027
4288
4304
4238
4598
4113
4196
4332
4607
4543
4416
4378
4310
4033
4400
4483
4491
4046
4470
4367
4247
4489
4235
4372
4482
4494
4177
4516
4148
4588
4590
4358
4037
4452
4218
4488
4412
4550
4249
4566
4497
4209
4493
4011
4118
4274
4591
4540
4050
4159
4147
4327
4371
4505
4016
4229
4137
4549
4279
4352
4356
4387
4509
4103
4396
4417
4162
4322
4269
4395
4501
4610
4448
4155
4559
4428
4102
4139
4350
4343
4577
4542
4447
4512
4513
4075
4498
4449
4224
4312
4166
4025
4191
4174
4415
4487
4575
4291
4257
4525
4036
4473
4586
4406
4339
4317
4201
4130
4157
4548
4125
4405
4520
4348
4326
4053
4294
4547
4225
4066
4305
4169
4108
4446
4453
4092
4101
4323
4245
4328
4523
4200
4184
4506
4093
4319
4107
4450
4433
4290
4382
4539
4149
4094
4012
4180
4337
4227
4146
4582
4615
4465
4049
4510
4271
4152
4369
4342
4298
4618
4502
4264
4355
4392
4188
4522
4585
4535
4021
4039
4484
4156
4616
4076
4106
4605
4587
4062
4226
4145
4571
4311
4435
4091
4340
4479
4239
4210
4126
4268
4160
4475
4460
4599
4567
4496
4236
4527
4503
4221
4420
4321
4241
4430
4383
4370
4360
4398
4100
4164
4040
4128
4120
4299
4407
4380
4515
4546
4603
4529
4427
4349
4504
4595
4296
4443
4078
4521
4024
4544
4404
4085
4115
4250
4418
4153
4142
4432
4606
4258
4471
4600
4192
4445
4429
4463
4354
4052
4172
4034
4365
4403
4167
4376
4574
4020
4511
4026
4086
4507
4579
4132
4254
4019
4212
4204
4458
4022
4295
4338
4173
4485
4069
4237
4048
4081
4440
4619
4168
4364
4302
4410
4035
4564
4413
4281
4013
4563
4199
4114
4366
4514
4478
4230
4552
4029
4391
4182
4472
4211
4122
4589
4262
4263
4409
4080
4293
4187
4397
4219
4377
4015
4308
4158
4278
4424
4206
4454
4234
4431
4422
4419
4256
4276
4095
4565
4423
4612
4286
4283
4444
4175
4088
4203
4133
4333
4385
4519
4077
4526
4150
4072
4402
4129
4110
4141
4232
4189
4581
4246
4464
4213
4399
4556
4041
4217
4451
4253
4351
4223
4347
4583
4030
4063
4124
4178
4194
4028
4456
4330
4134
4374
4071
4185
4480
4193
4136
4551
4459
4533
4197
4593
4292
4261
4240
4097
4426
4017
4578
4476
4545
4300
4252
4079
4388
4140
4064
4074
4058
4325
4373
4613
4205
4303
4408
4536
4313
4083
4010
4055
4315
4611
4314
4165
4181
4572
4442
4576
4320
4163
4394
4537
4490
4344
4306
4411
4401
4393
4144
4260
4486
4121
4560
4057
4316
4468
4495
4099
4090
4329
4434
4353
4170
4243
4038
4455
4524
4047
4161
4324
4335
4111
4044
4318
4259
4119
4051
4061
4534
4280
4528
4231
4461
4043
4084
4265
1146
1321
1853
1132
1831
1612
1462
1266
1174
1933
1262
1445
1641
1522
1547
1558
1424
1535
1116
1696
1272
1047
1794
1046
1533
1662
1021
1205
2007
1560
1972
1921
1126
1843
1012
1720
1951
1235
1120
1267
1869
1057
1456
1515
1125
1839
1691
1014
1625
1686
1680
1995
1378
1279
1399
1524
1728
1465
1017
1067
1717
1377
1403
1113
1474
1724
1617
1891
1182
1845
1629
1334
1643
1437
1594
1481
1363
1359
1523
1289
1275
1263
1189
1554
1063
1638
1698
1486
1315
1796
1985
2003
1416
1672
1636
1256
1459
1799
1862
1908
1370
1537
1849
1007
1950
1156
1876
1320
1602
1938
1195
1090
1095
1253
1071
1965
1115
1165
1885
1264
1032
1896
1099
1846
1574
1217
1078
1615
1949
1999
1130
1588
1505
1030
1851
1642
1787
1781
1084
1429
1491
1024
1436
1589
1292
1606
1549
1288
1578
1726
1133
1360
1131
1172
1525
1530
1854
1338
1052
1319
1661
1252
1318
1591
1261
1282
1769
1803
1494
1208
1907
1391
1484
1422
1928
1844
1583
1960
1003
1605
1374
1159
1754
1470
1707
1053
1859
1081
1323
1177
1277
1892
1516
1677
1597
1358
1905
1384
1073
1056
1355
1284
1865
1627
1798
1144
1959
1801
1316
1797
1224
1756
1105
1260
1442
1852
1035
1448
1242
1203
1336
1148
1631
1501
1832
1326
1701
1772
1850
1881
1162
1855
1153
1498
1688
1913
1619
1755
1692
1556
1911
1880
1157
1340
1432
1468
1167
1873
1100
1438
1357
1344
1687
1482
1270
1777
1455
1419
1640
1150
1396
1170
1398
1385
1987
1788
1033
1285
1250
1659
1458
1371
2009
1435
1036
1964
1654
1877
1678
1745
1752
1228
1479
1427
1889
1887
1812
1723
1199
1848
1050
1601
1441
1380
1286
1223
1682
1988
1833
1091
1367
1526
1010
1795
1520
1968
1934
1858
1916
1561
1840
1735
1532
1572
1664
1394
1856
1061
1062
1761
1240
1634
1693
1947
1868
1412
1226
1569
1431
1780
1495
1308
1809
1841
1657
1294
1290
1576
1580
1042
1215
1616
1861
1718
1679
1607
1406
1029
1996
1604
1464
1381
1249
1775
1991
1721
1160
1650
1328
1685
1610
1648
1740
1628
1452
1842
1463
1353
1994
1141
1166
1957
1847
1317
1048
1739
1060
1732
1109
1819
1706
1730
1225
1666
1948
1402
1273
1280
1790
1702
1699
1364
1346
1134
1181
1287
1514
1976
1110
1106
1981
1040
1137
1914
1325
1094
1493
1248
1810
1504
1909
1204
1528
1000
1568
1577
1421
1563
1930
1895
1147
1026
1958
1695
1901
1397
1244
1251
1379
1598
1107
1879
1886
1361
1171
1400
1518
1140
1301
1727
1220
1669
1733
1305
1356
1211
1503
1830
1765
1986
1117
1500
1655
1376
1395
1922
1188
1180
1703
1128
1342
1806
1980
1823
1350
1449
1276
1480
1158
1970
1550
1894
1092
1231
1997
1082
1487
1633
1653
1978
1196
1694
1176
1646
1759
1221
1193
1283
1746
1834
1068
1257
1008
1719
1663
1460
1102
1366
1715
1227
1587
1893
1333
1001
1467
1974
1212
1388
1343
1544
1776
1590
1112
1645
1341
1072
1372
1368
1023
1232
1077
1151
1967
1362
1198
1711
1789
1545
1963
1096
1497
1575
1025
1888
1201
1002
1291
2008
1298
1768
1039
1245
1609
1492
1510
1738
1089
1671
1704
1477
1173
1596
1469
1731
1478
1083
1038
1076
1103
1805
1302
1415
1483
1870
1621
1519
1931
1742
1269
1898
1509
1059
1860
1882
1098
1570
1037
1900
1169
1168
1773
1939
1473
1992
1647
1936
1750
1736
1784
1444
1045
1499
1327
1330
1940
1924
1365
1004
1878
1122
1943
1599
1408
1428
1507
1489
2005
1015
1241
1536
1573
1639
1673
1953
1613
1034
1369
1919
1161
1020
1600
1785
1070
1557
1259
1771
1247
1307
1136
1019
1808
1779
1476
1352
1618
1414
1069
1271
1871
1749
1990
1567
1623
1418
1347
1466
1975
1233
1559
1496
2000
1690
2001
1219
1055
1108
1725
1748
1714
1614
1684
1404
1430
1064
1825
1088
1411
1461
1804
1705
1265
1163
1595
1135
1814
1382
1737
1644
1472
1716
1712
1998
1426
1857
1866
1734
1539
1753
1237
1016
1111
1434
1593
1295
1351
1816
1453
1829
1565
1339
1656
1018
1028
1903
1337
1783
1954
1303
1763
2004
1407
1390
1652
1297
1348
1178
1179
1184
1904
1800
1210
2002
1579
1676
1300
1744
1387
1185
1485
1051
1874
1417
1409
1065
1811
1709
1114
1581
1956
1923
1230
1630
1786
1087
1670
1454
1929
1758
1941
1918
1142
1542
1190
1824
1119
1543
1912
1386
1508
1104
1383
2006
1420
1129
1191
1375
1757
1764
1632
1389
1538
1236
1041
1222
1423
1708
1586
1293
1585
1624
1488
1005
1649
1751
1149
1910
1127
1683
1145
1952
1534
1329
1774
1675
1984
1802
1296
1234
1864
1760
1651
1608
1883
1821
1097
1304
1446
1457
2968
2645
3008
2103
2686
2490
2030
2199
2748
2193
2459
2317
2118
2379
2502
2415
2041
2974
2889
2858
2673
2097
2949
2568
2983
2578
2416
2653
2230
2950
2268
2606
2504
2192
2674
2151
2634
2468
2783
2069
2242
2331
2814
2368
2913
2837
2098
2495
2190
2552
2695
2985
2871
2704
2375
2636
2392
2993
2815
2599
2460
2623
2202
2883
2943
2294
2926
2923
2288
2973
2053
2261
2108
2561
2302
2914
2122
2171
2978
2551
2206
2452
2473
2921
2370
2493
2927
2433
2349
2810
2705
2182
2196
2158
2930
2618
2401
2339
2271
2513
2424
2844
2248
2616
2789
2970
2942
2256
2309
2881
2767
2928
2377
2912
2087
2489
2337
2562
2376
2528
2566
2197
2472
2239
2273
2666
2011
2635
2701
2218
2079
2159
2313
2043
2873
2747
2485
2378
2727
2032
2839
2609
2892
2086
2588
2887
2466
2859
2827
2929
2729
2525
2417
2039
2195
2910
2994
2340
2813
2860
2073
2264
2872
2956
2797
2191
2219
2035
2117
2346
2374
2315
2831
2013
2210
2063
2544
2565
2885
2292
2397
2111
2679
2850
2963
2948
2991
2564
2297
2228
2057
2699
2824
2664
2774
2420
2769
2189
2074
2266
2744
2088
2648
2284
2521
2882
2706
2470
2612
2888
2532
2304
2483
2511
2650
2365
2425
2384
2657
2105
2332
2979
2557
2959
2300
2777
2639
2746
2498
2703
2056
2124
2726
2447
2960
2144
2826
2380
2220
2972
2698
2154
2233
2598
2677
2694
2638
2737
2040
2224
2900
2523
2833
2509
2121
2951
2128
2605
2072
2127
2293
2361
2077
2556
2362
2802
2586
2649
2713
2539
2925
2301
2327
2724
2682
2410
2453
2139
2838
2326
2175
2234
2999
2113
2413
2395
2185
2517
2558
2140
2083
2761
2692
2360
2363
2781
2066
2214
2758
2832
2157
2049
2048
2545
2172
2021
2593
2351
2031
2585
2240
2725
2651
3004
2435
2553
2148
2138
2560
2156
2082
2096
2258
2879
2863
2444
2663
2660
2352
2322
2454
2573
2207
2423
2977
2538
2676
2150
2227
2070
2143
2442
2320
2876
2051
2964
2906
2604
2765
2244
2476
2780
2299
2750
2849
2480
2897
2400
2778
2394
2427
2345
2992
2407
2295
2938
3002
2690
2953
2061
2391
2246
2357
2307
2462
2531
2174
2550
2412
2054
2840
2064
2581
2590
2514
2720
2541
2764
2458
2010
2409
2283
2012
2188
2940
2825
2854
2939
2775
2286
2065
2583
2760
2689
2836
2333
2168
2709
2721
2136
2456
2348
2418
2931
2681
2457
2236
2279
2402
2104
2342
2707
2081
2325
2633
2469
2990
2274
2426
2980
2680
2133
2251
2641
2772
2893
2071
2776
2895
2094
2027
2318
2935
2321
2582
2238
2200
2617
2474
2734
2894
2622
2047
2611
2443
2324
2806
2204
2847
2186
2170
2805
2853
2487
2263
2055
2533
2162
2898
2455
2440
2822
2126
2691
2209
2257
2247
2656
2621
2275
2542
2037
2250
2373
2820
2526
2022
2763
2861
2119
2591
2603
2353
2878
2164
2147
2537
2216
2503
2178
2329
2842
2062
2328
2555
2116
2341
2697
2624
2753
2169
2958
2303
2610
2862
2267
2654
2896
2843
2135
2865
2571
2807
2864
2793
2945
2046
2877
2161
2884
2652
2708
2149
2100
2924
2524
2296
2933
2221
2461
2762
2548
2597
2918
2527
2628
2719
2067
2600
2643
2799
2382
2155
2520
2505
2570
2941
2146
2235
2265
2627
2816
2855
2794
2962
2364
2482
2678
2717
2255
2908
2683
2217
2269
2335
2312
2225
2530
2023
2439
2153
2449
2932
2668
3001
2432
2194
2740
2540
2369
2281
2414
2181
2338
2915
2563
2518
2176
2735
2579
2658
2731
2519
2868
2429
2405
2106
2131
2132
2024
2790
2535
2090
2497
2733
2018
2308
2092
2254
2109
2905
2112
2870
2203
2543
2829
2632
2874
2319
2771
2608
2137
2547
2987
2028
2232
2029
2215
2371
2700
2728
2798
2491
2095
2187
2311
2354
2954
2903
2110
2712
2795
2167
2241
2260
2486
2856
2367
2902
2501
2613
2434
2688
2811
2177
2576
2068
2891
2534
2406
2448
2572
2372
2661
2886
2911
2620
2944
2025
2488
2716
2130
2437
2741
2637
2165
2280
2796
2665
2875
2044
2020
2549
2845
2282
2743
2298
2710
2919
2711
2115
2966
2867
2909
2629
2085
2644
2166
2667
2276
2099
2310
2800
2465
2630
2852
2508
2625
2033
2102
2237
2231
2205
2693
2060
2732
2229
2955
2026
2445
2278
2554
2344
2226
2475
2669
2640
2198
2718
2389
2752
2262
2330
2835
2492
2587
2212
2851
2306
2386
2272
2773
2289
2243
2089
2016
2916
2522
2730
2801
2422
2696
2052
2512
3005
2841
2971
2496
2208
2749
2714
2756
2084
2451
2411
2567
2596
2396
2787
2848
2823
2045
2659
2784
2059
2934
2830
2976
2270
2755
2223
2387
2179
2672
2463
2141
2291
2907
2880
2584
3710
3636
3752
3918
3577
3437
3765
3524
3118
3782
3773
3036
3019
3692
3295
3847
3468
3780
3541
3365
3307
3609
3651
3497
3654
3969
3629
3075
3195
3934
3698
3422
3510
3927
3424
3349
3614
3324
3379
3249
3183
3509
3442
3121
3415
3262
3748
3070
3860
3350
3264
3864
3956
3567
3348
3504
3551
3129
3912
3797
3950
3630
3736
3403
3224
3068
3861
3605
3297
3877
4000
3975
3623
3157
3640
3519
3290
3568
3411
3180
3151
3390
3868
3140
3101
3872
3198
3800
3066
3713
3833
3686
3832
3059
3602
3848
3088
3693
3056
3454
3606
3074
3908
3583
3435
3952
3308
3905
3304
3684
3098
3112
3659
3466
3902
3685
3961
3632
3158
3025
3850
3714
3133
3057
3874
3566
3052
3793
3471
3135
3018
3211
3296
3104
3337
3788
3362
3501
3353
3804
3179
3199
3852
3720
3798
3192
3703
3679
3753
3024
3405
3417
3527
3704
3967
3922
3312
3906
3266
3372
3643
3344
3063
3587
3223
3188
3706
3021
3268
3669
3743
3888
3907
3265
3489
3515
4002
3642
3459
3401
3178
3148
3528
3618
3883
3610
3064
3117
3512
3238
3315
3949
3328
3987
3485
3491
3289
3464
3447
3281
3667
3322
3662
3673
3359
3493
3986
3529
3591
3758
3201
3717
3185
3819
3564
3991
3688
3373
3430
3598
3250
3119
3283
3300
3516
3409
3253
4001
3681
3144
3733
3149
3011
3354
3718
3259
3458
3073
3282
3047
3728
3552
3810
3092
3280
3351
3197
3761
3439
3420
3977
3620
3613
3794
3647
3881
3865
3838
4003
3546
3455
3835
3069
3915
3959
3475
3978
3732
3303
3666
3369
3333
3031
3707
3356
4008
3535
3294
3045
3585
3020
3745
3431
3879
3190
3062
3803
3136
3615
4004
3582
3441
3110
3843
3990
3408
3738
3451
3399
3210
3477
3734
3416
3270
3779
3721
3429
3385
3845
3786
3778
3077
4009
3645
3298
3808
3445
3139
3702
3400
3747
3200
3171
3828
3981
3960
3849
3162
3933
3010
3012
3846
3520
3313
3639
3191
3589
3719
3222
3979
3336
3375
3853
3287
3330
3946
3392
3795
3611
3750
3694
3363
3314
3366
3383
3109
3500
3145
3942
3252
3412
3932
3241
3998
3189
3450
3638
3886
3212
3830
3772
3777
3532
3634
3971
3764
3470
3787
3206
3635
3895
3994
3061
3556
3275
3236
3219
3596
3418
3817
3674
3440
3394
3016
3536
3657
3235
3165
3079
3154
3237
3457
3507
3544
3913
3114
3677
3319
3483
3146
3042
3699
3279
3943
3569
3508
3526
3444
3426
3972
3687
3813
3805
3480
3499
3122
3984
3592
3203
3633
3622
3428
3099
3561
3335
3214
3341
3226
3676
3678
3202
3173
3783
3930
3067
3340
3689
3523
3461
3816
3530
3947
3093
3306
3759
3130
3697
3076
3608
3876
3889
3854
3518
3433
3671
3048
3724
3028
3414
3619
3204
3600
3921
3988
3177
3756
3682
3880
3355
3951
3301
3473
3999
3096
3128
3284
3562
3486
3588
3644
3554
3565
3641
3954
3239
3715
3269
3176
3105
3332
3923
3781
3875
3631
3511
3339
3668
3334
3822
3072
3604
3542
3257
3580
3288
3894
3147
3293
3543
3603
3478
3040
3842
3506
3438
3492
3495
3170
3374
3456
3576
3548
3924
3625
3023
3141
3899
3855
3391
3083
3323
3425
3919
3320
3945
3360
3361
3244
3584
3086
3407
3824
3123
3482
3163
3522
3193
3958
3763
3955
3716
3809
3115
3106
3481
3790
3131
3331
3725
3358
3494
3891
3329
3911
3695
3627
3700
3882
3749
3352
3559
3155
3661
3560
3484
3071
3134
3690
3378
3928
3731
3670
3240
3371
3656
3970
3014
3029
3940
3572
3228
3563
3229
3343
3820
3770
3597
3217
3469
3823
3427
3558
3939
3194
3168
3286
3215
3771
3080
3517
3586
3017
3916
3035
3325
3973
3691
3739
3474
3935
3964
3696
3768
3051
3182
3015
3993
3209
3248
3709
3712
3513
3382
3090
3172
3126
3857
3904
3116
3531
3453
3084
3404
3867
3302
3963
3216
3856
3397
3796
3225
3218
3272
3156
3311
3039
3815
3968
3789
3812
3840
3966
3741
3452
3658
3384
3387
3160
3273
3910
3037
3581
3490
3897
3463
3675
3980
3937
3022
3346
3058
3595
3246
3142
3827
3534
3941
3579
3814
3826
3775
3974
3549
3227
3376
3514
3125
3926
3207
3892
3726
3402
3305
3612
3503
3844
3186
3421
3419
3465
3767
3505
3851
3395
3841
3033
3449
3443
3231
3825
3722
3164
3553
3540
3776
3550
3708
3887
3277
3836
3831
3834
3054
3801
3347
3032
3245
3108
3521
3472
3318
3648
3137
3278
3326
3103
3267
3616
3737
3829
3276
3650
3487
4006
3839
3762
3784
3488
3196
3381
3041
3377
3821
3043
3396
3672
3953
3590
3859
3113
3310
3256
3806
3646
3766
3931
3166
3357
3944
3914
3982
3637
3081
3593
3989
3983
4007
3837
3863
3575
8600
7709
7797
7856
7922
8538
7758
8609
7826
7976
8276
8300
8129
8200
8188
8118
7726
8352
7842
7661
7865
8339
8156
8039
7934
7961
8550
8175
8086
8604
7988
8366
8288
8469
8501
7915
8506
8056
7911
8340
7824
8543
7954
7921
8573
8626
8083
8060
7832
7843
7846
7756
8323
8608
7859
7810
8610
8359
8140
7787
7795
8279
8547
8211
7713
8329
8024
8458
8220
8564
8050
7779
8461
8385
7972
7654
7671
8064
8502
8433
7697
7975
8324
7977
8104
7634
8081
7927
8511
8376
8346
8330
8529
8388
8170
7899
7738
7996
8386
8590
7970
8579
8484
8581
7773
8449
8361
7833
7711
8530
7637
8132
8560
8595
8583
8455
7860
7962
7880
8357
8001
8255
8568
8137
8109
8067
8231
7866
8199
8497
7886
7742
8383
8341
8309
8180
7883
8041
7941
8094
8605
8475
8223
8326
8561
7639
8454
8382
7657
8537
7953
8448
8062
8260
7740
7987
8325
7867
7620
8622
8167
7636
7712
8089
7858
7648
7821
8557
8201
8278
8572
8248
8494
8349
7685
7855
7882
8618
8398
7913
8087
8026
7800
7812
8512
8287
8183
8025
8333
8414
7979
8588
8552
7716
8136
7730
8319
8003
8250
8452
8302
8007
8049
8354
8061
8044
8133
8192
8321
7682
8131
7667
8371
7642
8262
7901
8065
7777
8379
7857
7771
8112
8208
8013
7681
8189
8542
8233
8216
8187
8014
7804
8093
7892
8451
8443
7816
8468
8320
8426
8116
8179
8536
7734
8365
8334
8593
8594
7686
8519
8100
8294
8355
7647
8178
8425
8331
8027
8075
7643
7903
7904
8311
7944
7875
8499
7694
8005
8597
7729
7978
7926
7971
7818
8439
7776
8222
8128
8403
8111
8559
7936
7724
8528
7733
7929
8285
7938
7624
8235
8535
7665
7828
8225
7700
7973
7650
7844
7693
7640
8408
8517
7785
7918
8004
8101
8053
8430
7830
8569
8209
7778
8138
7719
8467
7888
8105
8491
7932
8229
8033
8246
8380
7815
8054
7900
8518
8457
7829
8058
7831
8353
7678
8215
8524
8515
8172
8289
8392
7912
8400
7761
7907
8390
7963
8464
8163
7958
7851
8345
7966
8596
8274
7745
7974
7664
7923
8147
8068
8196
8440
8308
8525
7701
7622
8090
8265
8375
8296
8504
8393
7917
8554
8164
8527
8069
7993
8473
7986
8434
8291
8219
8114
8602
7897
8197
8306
8367
8281
8205
8226
7868
8181
7969
7935
8120
8407
7834
7629
8157
7948
7980
8028
7786
8415
7691
8322
8251
8427
8184
7952
8481
8493
8378
7753
7792
7698
8310
8405
8174
7946
8463
8438
7848
8241
8146
8447
8627
8123
7789
7627
7676
7660
7621
7955
8303
7823
7646
8315
8377
8420
8472
7910
8006
8607
7705
8149
7704
7638
8541
8548
8047
7673
8577
7928
8266
8008
8492
7782
8099
8551
8533
8214
8115
8078
8402
7799
7737
7739
7835
8387
7764
8406
7896
8372
7895
8227
7741
8363
8258
8171
8460
8591
8587
8234
7960
8532
7820
7920
8212
8619
7690
7879
8072
8592
8348
8520
8071
8338
8505
7890
8076
8615
7715
8166
8566
8575
8482
8314
8165
7840
8012
8486
7793
8280
7930
7794
8421
7994
8474
7991
8370
7707
7836
7916
7827
8122
8077
7893
7802
8155
7906
8273
8410
8391
7743
7984
7885
7813
7670
8534
7628
7695
7732
8243
7850
8389
7703
7750
8417
8145
7669
8195
7769
8125
8422
8488
7706
7869
7656
7774
8508
8048
7889
8435
7644
7809
7683
8620
7679
7755
8514
8544
7649
8565
8142
8471
8097
7718
8629
7720
7762
7752
8282
8404
8063
8522
7807
8582
7692
8335
8603
7853
8141
7956
8509
7898
8337
8143
8035
8102
7995
8252
8364
8613
8612
8442
8110
7760
7950
7998
7674
8625
8173
8158
8476
8567
7989
8176
8556
8269
7662
7819
8169
8399
7668
8305
8293
8343
8513
8021
8350
7641
8017
8218
8295
7747
8264
7748
8496
7699
8126
8202
7727
8374
8368
7652
7902
8073
8031
8301
7983
8304
8436
7887
7874
7839
8194
8148
8562
8574
8580
8478
7677
8247
8480
8242
7767
7626
7775
7997
7992
8483
8245
8018
8232
8038
8623
8261
8230
8381
7717
7736
7651
8082
8284
7847
7735
7871
8336
8624
8428
8531
8271
8010
8297
7658
8091
7659
8313
7751
8207
8168
7908
8103
7808
8204
7623
8307
7702
7780
8084
8384
8411
8254
8190
8210
8576
8397
8085
8135
8578
8011
7861
8441
8191
8479
8418
8236
8500
8316
8459
7801
7687
7744
7666
7967
8584
8318
8328
8585
8283
8213
8022
7959
8394
7708
8416
8144
8002
8446
8373
8046
7721
7852
8106
8238
8450
7632
7951
8586
8113
8182
8453
7841
8424
7924
7672
8134
8327
8059
8185
7784
8611
8498
7796
7696
8553
8523
8150
7999
8127
8462
8154
8292
7759
7933
8029
8121
7770
7684
7968
8614
7817
8272
8360
8009
7964
8139
7655
8358
8470
8095
8432
8217
7949
7631
7947
9454
9441
8957
9211
8736
9246
9162
8976
9536
9272
8782
9174
9599
8715
8982
9351
8809
9100
9621
9285
8632
8661
8637
9150
8980
9438
9394
9557
9531
9332
8889
9138
9505
9056
9163
8794
9372
8873
9215
9591
9047
8850
8777
8945
8767
9524
8913
9049
9098
9507
9141
8774
9260
8947
9222
9334
8750
8869
9418
9105
9386
8858
9435
8973
9026
8981
9324
9171
9519
8854
9227
9576
9509
9569
8880
9122
9067
9329
8862
8644
8904
8683
9071
9188
9305
8673
8723
9123
8693
9446
9455
8810
9532
9263
9368
9032
8877
9506
9012
9006
9167
8651
9028
9271
9374
9085
9072
9124
9136
8804
8952
9336
9502
8861
8921
8678
9384
9169
9427
9160
9444
9015
9402
8974
8692
8799
9350
8703
9186
9139
9562
8895
8765
9088
9243
9512
9204
8967
8856
9254
8931
9570
8779
9236
8743
9556
9016
9237
9182
9550
8694
9451
9262
9578
9517
9414
9396
9420
8768
8975
8887
9566
8741
8879
9490
9514
9164
8657
9600
8828
9210
9548
8834
8917
8790
9513
8930
9089
8639
9043
8670
9126
9510
9592
8669
9626
9367
9335
9333
8839
8990
9231
8943
9073
9410
9565
9577
9619
9511
9309
9111
9587
8745
9176
9434
9588
9175
9325
9165
9567
9148
8758
9013
9267
9258
9326
9432
8928
9020
9564
9355
8798
8927
9430
9538
8762
8918
8920
9452
9603
9360
9018
9051
8748
9161
8905
8954
9399
9173
9302
9612
9010
9220
9075
9425
9391
8884
9375
9545
8813
8739
8643
9081
9470
8711
8911
8993
9342
8826
9112
9500
9607
8802
9390
9421
8902
8865
9101
9443
9493
9041
8853
9065
8808
9627
8801
9140
8698
9181
9235
8811
9087
9611
9346
9251
9119
9526
9504
9310
9609
9286
9009
9553
9393
8690
8677
9571
8704
8783
8721
9180
8663
9156
9522
9022
8955
9445
8968
8832
9551
8825
8660
9547
8633
9363
8761
9069
9572
9485
8840
8827
8746
8788
8900
9554
9131
8665
8638
9307
8936
9290
9185
8964
9348
9508
9613
9037
8875
8784
8797
9546
9086
9582
9408
8792
9259
9354
9076
9589
8894
8760
9157
9317
9463
9489
9023
9298
8971
9413
9574
9361
9467
9289
8883
9311
9025
9238
9343
9273
9497
9130
9498
8912
9253
9079
8642
8681
9486
8649
9230
9479
8950
8730
8836
9031
9216
8881
9212
9033
9466
9615
9316
9308
9405
9099
9365
9223
8829
9601
9159
8716
8674
9109
8667
8680
9306
9034
8870
9219
9423
9008
9620
9347
9429
9395
8691
8922
8709
9448
9605
8998
9439
9543
8845
9083
9278
9294
9614
8695
9476
9004
9392
9029
8830
9179
9275
8749
9373
9155
8908
8791
9370
9520
9596
9558
9281
9149
9187
8735
9250
9142
8898
9214
9428
8793
9409
9542
8645
8909
9209
9200
9559
9549
9196
9407
8787
8648
9358
9284
9464
8726
9436
9585
9319
8991
8679
9270
9128
8849
9339
9256
8752
9094
9194
9318
9104
9460
8876
9135
9521
9533
9158
9331
8910
8641
9313
9035
9195
8953
9417
9044
9579
9042
8926
8891
8764
9153
9528
9144
8992
8989
9005
8654
8800
9280
9282
8696
9063
9257
8960
9199
8897
9084
8688
9177
8759
9274
9068
8949
9137
8700
8687
8996
9038
9383
8939
9544
9482
8915
9070
8659
8769
8994
8734
9114
9608
9604
9539
8907
9248
9232
9183
8878
9191
9170
8892
8886
8646
9552
8732
8843
9221
8697
8914
8816
8756
9036
8812
9338
9247
9584
9398
9447
8658
8815
9234
9330
8820
9276
9516
9388
9322
8972
8635
8724
9488
9107
9468
9406
8630
9481
8780
8685
9245
9078
8838
8672
8676
8944
9624
9595
9292
9345
9027
9622
8689
9287
9127
8942
8781
9116
9480
9146
9501
9377
8656
8751
8978
9092
8666
9353
8772
8655
8932
9366
9059
9077
9623
9598
9301
9411
8874
8906
8705
8671
9376
9385
9404
8871
9048
8636
9337
9359
8675
8662
8668
9400
9573
9154
9586
9061
9560
9382
9494
9362
9315
8789
9207
8866
9304
8701
9096
9113
9495
9001
8684
9378
8728
9523
8966
9296
9419
8885
9575
9471
9090
9369
9403
9178
8961
8933
9030
9055
9053
9426
8941
9102
8795
9115
9050
8819
9602
9473
9224
9518
8742
9019
9228
8664
9492
9625
9606
8864
9590
8712
9442
9320
9357
8903
9218
8805
9380
9190
9496
8940
8717
9474
9134
9225
9491
8985
9097
9242
8872
9389
8686
9483
8935
9401
8807
9269
8959
8817
9062
8776
8738
9091
8835
8924
9628
8937
9095
9014
9066
9239
8755
8948
9240
8708
8916
8640
9064
8775
9397
9249
9379
9297
8929
8882
9593
9184
8925
9618
9120
9145
8699
9233
8822
9371
9229
8855
8831
9241
8846
9457
8896
8977
9456
8713
8727
8737
9143
9074
8860
9352
8890
9433
9206
9093
9226
9133
9197
9437
9580
8868
8722
9060
8986
9117
9172